97 67
dbbdaccdadbbcdbcaababdcabcacbacccababbbacbccbdbacabcbcbcaaccccdbcabaadbcdddcbadbccbaaacabdddaccdc
29 39
21 77
1 10
95 97
41 67
38 49
11 69
17 84
29 48
90 91
31 54
69 79
97 97
7 58
65 86
52 91
16 22
43 87
29 90
17 41
93 94
67 91
7 14
35 68
31 95
36 41
96 97
69 95
77 80
84 94
52 86
8 45
85 94
47 90
37 89
95 97
91 92
67 82
12 29
39 56
77 77
23 57
22 82
53 61
23 47
46 88
35 73
36 36
86 94
92 93
30 78
65 97
51 51
5 92
31 65
91 92
85 88
97 97
31 52
65 67
22 23
33 94
16 69
81 90
32 39
65 73
37 86
