55
21353
609
35358
2375
12197
15819
17021
6821
2718
30981
13391
22370
22015
8632
11102
3395
8122
17156
8654
26782
3057
16091
11017
10813
27042
11090
4757
9291
14689
18157
15344
21487
27826
27377
7789
5428
4643
1121
16731
2012
1482
33651
11614
407
18132
16243
13307
13860
607
29820
15916
3156
14440
18568
26422
12112
14014
1677
27061
3212
2894
1625
12039
12227
17176
3907
10766
8154
3360
32802
7931
258
5613
22303
21717
20896
3646
7287
13952
9572
6537
2993
5947
31900
293
11753
891
3760
12953
19964
10639
12010
11599
13860
2470
11624
20220
9793
1944
15389
17084
4990
1309
14324
4979
15805
3967
13358
15456
970
21039
13604
9946
31316
7470
19720
18287
15963
22
4
249
5861
7996
3078
7285
161
11382
18996
34836
5348
10030
5874
23892
8330
10375
17257
2535
8516
19011
14294
13391
1692
11134
9444
3230
19902
37010
3600
6327
8740
7526
8438
11190
19136
4812
6935
25205
1128
19035
16752
5791
1692
1600
11503
25089
8595
3816
9694
1079
8052
566
22848
7666
23268
20559
6255
6656
33075
12144
20974
17297
9286
13603
25226
3754
1681
2523
20351
10792
5038
11189
11143
12062
10251
6071
13491
739
758
645
344
25804
20066
13353
19199
14739
12076
17781
13388
14874
4565
34570
30418
14733
2321
14225
29740
8814
24275
3711
7926
31698
7
8081
9020
22049
13016
32482
27856
26060
14046
4333
12433
1178
3294
1395
10146
16606
15251
13177
2796
25483
15714
299
16721
23822
13301
437
34388
11734
25188
8196
8308
11971
3149
6725
25200
7349
5425
1291
21533
17420
24440
4395
9183
2617
5336
22789
25921
3866
11218
17021
11464
6225
2139
11609
11915
8923
4977
30349
9843
4933
16776
4133
8241
26052
15878
4171
15765
30508
5629
30453
712
16092
8730
2149
8901
3145
30669
894
21707
21390
2488
16162
7090
11818
27464
6439
17994
12332
7346
1564
24743
26903
19656
25559
5
15805
4304
1582
9827
2837
13669
12046
16141
802
22850
29417
19706
26088
33232
25007
15770
768
4485
1946
6186
4885
2214
15348
19105
168
10367
24830
24687
4189
22546
12288
18078
4497
7531
2691
7459
20522
24096
24882
22114
9159
18937
10733
369
7323
9881
6756
21002
7448
15608
17126
619
16977
3759
10557
12487
20303
17652
16305
24105
25749
23401
5407
16519
18771
25419
13209
16304
13469
943
18729
15800
13367
13206
9461
1431
5167
25523
28828
27609
31352
15779
6214
13296
87
16236
10396
33621
14190
32578
4025
34313
20105
8791
6719
22586
6706
10380
19520
29032
12457
14263
6346
4442
23336
3223
3152
20436
7764
4925
16319
13574
3648
35450
15043
19439
3107
21407
29452
4972
6403
13339
19644
28316
3433
26166
1879
8047
2771
1085
5997
7320
19326
4222
1337
24672
13659
6115
2873
22109
8847
4727
18364
31806
20542
4106
30946
4631
24931
14177
20146
19491
31613
14806
23433
8023
17087
20779
19978
34112
12078
8372
14342
5720
13243
15460
6322
434
16814
30507
7699
1519
18022
21657
17399
17507
8125
3096
11022
5091
20328
14376
3864
24206
3539
14441
4677
7173
3770
9375
15231
9397
8416
11042
15768
3285
5958
9712
16149
9379
1099
28681
804
18358
19089
4794
24122
11873
17210
13579
11297
28371
15654
11132
21459
6291
2924
12723
6420
1663
74
18635
9572
7280
27314
19644
9405
14507
6634
3218
20634
6866
22034
7437
21897
14916
24419
28376
10855
2846
8983
21948
27445
11515
27521
402
17082
12142
20240
9232
14035
8497
360
29976
10742
8195
17023
8261
236
21822
15646
17892
1924
28034
12267
23118
24029
14864
14564
2973
30989
8548
2450
10580
3946
23862
12054
5550
17104
1424
11711
19137
1859
1248
10180
4276
17366
12716
21129
12393
15309
3295
17094
16067
20098
16854
17548
2581
30598
10516
20703
16585
7312
441
2398
17915
1788
3011
9482
27614
7182
28687
19263
16805
2716
2831
15665
26155
20684
25246
15835
6352
2888
5702
9475
15038
21282
26695
9235
15936
5602
10829
11886
10486
13530
18167
4154
9770
20472
19224
9249
12598
519
17845
13112
21364
8878
2182
9786
14337
6811
10748
11313
9761
4755
13355
6511
15778
19506
16777
7096
24458
3506
1758
12888
28203
8714
4550
19577
2091
3943
4183
320
19339
21359
21110
21134
5063
17631
472
7865
1141
10824
34213
14970
5284
17032
3695
13075
25068
14601
18523
34960
5195
23810
32585
9546
380
673
14746
23120
30696
16887
25286
15821
50
27953
17601
11922
1724
1433
18021
14297
12574
2053
26241
13464
2382
9430
132
1891
18118
18046
6345
8027
25745
4042
19666
35148
5721
10922
3214
18373
959
7199
20439
30312
7023
19089
19294
8639
18340
17296
27487
1631
7694
20706
12683
8810
20786
5299
1415
12537
6908
10980
20996
8377
1332
24286
27649
11659
6663
19522
18458
31909
6828
17489
15528
22670
12655
4440
24507
4819
4474
7768
30365
5566
29723
3657
2845
5148
15902
22121
34295
4187
6589
3872
19823
26517
9427
18855
12745
2006
12418
2869
2317
18654
20534
851
27880
5517
395
2149
30585
10904
2512
6266
11092
3277
10414
11276
19707
13353
16063
7844
6823
8631
10009
18801
8008
17763
4021
6117
32965
275
3941
30280
25347
4958
23070
10574
10618
5135
1049
3180
26921
15228
25839
1326
22581
24666
5476
10697
15535
18024
16385
11245
2379
21515
10811
7725
7809
2078
26011
10566
14999
8674
28447
11188
5765
13736
1613
15820
20386
3013
7915
2189
12361
1435
16054
12799
9870
21035
23904
4798
2337
129
10831
2479
31447
11624
10759
20345
9023
21385
31362
1869
5717
4629
5745
123
4672
18973
20760
26066
31640
15168
25435
20692
18966
4640
25398
26516
11802
426
3565
14061
13821
26418
29983
15035
4541
9644
30499
10114
19540
5484
25434
25970
7870
8046
10429
3099
12517
13413
12778
35687
2133
858
7845
42
20177
3114
19548
35904
5197
1449
319
2726
36306
18394
2111
20159
30330
5919
5869
9642
13838
9965
270
21154
3046
2293
16871
20576
3599
5916
28984
16928
13974
15060
30124
31824
23799
11513
33050
5331
9273
7998
5541
20129
1494
12272
3341
23190
11473
24208
24097
18746
27196
10656
8442
4478
7316
3447
7518
31124
18308
563
10955
941
14250
10312
34779
11522
13320
29775
28960
11634
11548
7789
5373
6511
23696
4022
27675
34188
2176
11155
35369
725
5872
7896
24248
20347
33460
32766
20793
22728
6084
4228
19040
19912
1751
16492
7245
13716
1727
24592
26705
21392
10530
8338
4251
3779
6462
23135
2923
14118
13141
17193
32631
14340
20396
7623
4726
9673
18158
31111
9770
17022
10700
22636
1555
3815
26004
35636
5089
28942
7725
25282
10544
6627
15117
14980
31469
23200
1184
25315
10962
1159
6689
8348
21587
17684
17941
12130
174
8348
22038
10355
22307
6888
16190
77
18211
23639
2805
27587
16925
6920
482
29281
22643
3057
19823
2294
1217
10994
3009
27747
11192
11905
249
9335
8270
16885
29627
9779
21496
27250
22260
8394
4235
13463
22510
14377
18876
155
27904
965
29640
30875
21821
815
4062
6596
19384
33978
15917
20784
14395
24387
29736
29384
29262
22293
2731
3510
12054
25671
5621
23013
1948
21479
3202
22609
28604
11224
6696
20639
6088
32538
5090
13747
13363
692
462
7297
811
652
20980
23997
5373
20881
12922
1725
8653
8393
22120
7547
12094
21707
12303
13574
25967
16847
5077
7544
11426
22489
2712
31032
23957
6442
17015
23045
17747
3461
20795
2639
23259
8367
4221
16169
7129
17715
6741
17354
36905
11692
4818
20362
22995
7211
795
8365
4289
9109
6047
20260
33671
30301
17555
16072
7377
2213
503
3843
18877
5965
7721
25317
27934
30831
2174
16963
32298
1035
14114
5316
4798
7709
11849
17240
32394
7515
15352
1291
1297
12972
9936
7790
19664
6417
384
3455
22528
16508
5430
12168
7872
443
13397
7776
12647
20365
12580
5770
12507
20770
19343
27458
7303
5613
17653
15208
8669
6869
19133
20390
14722
6922
29012
9094
2314
4195
19846
11701
6059
25809
8104
5424
26703
12632
25189
1667
4663
260
21989
16985
3069
915
14093
4633
15617
5723
981
19528
19719
5377
2879
19452
23846
3273
7886
7984
58
10690
17198
8588
2340
5218
3596
1595
13714
5356
14039
499
3260
2865
8547
2747
15312
24252
1610
5620
7772
22247
28192
27770
9456
3421
18039
25860
8799
13517
22147
10986
6316
1661
11522
888
11020
2449
11826
18291
2562
147
17837
10181
35370
12157
18351
11005
20050
15208
15509
5563
23684
4531
23527
22007
32955
15155
268
18656
9373
1421
7155
10195
24641
2268
3694
17459
30470
5398
36802
28048
17685
32599
2890
18537
623
18370
6536
546
9585
11485
10981
2370
9237
2761
9973
18355
22251
13310
7280
34115
20675
6109
23506
27190
12715
5209
16082
9209
9982
656
3033
13500
12854
7005
13508
23715
11019
7935
29077
6295
21802
241
18687
25647
9169
6945
2343
6777
14183
13555
32681
79
31285
2589
20701
18303
1155
27883
3582
11421
402
8109
1329
3355
2232
25615
5667
22565
24533
19175
268
6075
22187
7950
9959
18289
16107
937
6602
25358
2137
24907
1916
9125
5432
30536
14253
10491
7085
26198
11568
14758
2726
592
28634
199
2080
6961
9235
19023
31177
4095
16010
21979
5301
9454
6746
8343
17091
12438
3513
20323
7003
32937
2244
13066
33833
2523
9810
1798
5690
5513
4961
11207
31197
2767
4338
20913
22258
9057
21443
27480
4069
3457
11819
8734
12759
1437
5834
3285
25651
31256
6122
7259
2111
12201
20465
6062
14298
1662
21829
1547
4503
7752
19586
5008
18764
11595
11411
27482
22829
9397
18061
21364
935
9928
16574
7527
7918
21603
25582
9231
12209
2202
808
15668
14360
12403
21695
31568
3214
24098
14805
17744
3471
12378
808
18400
12231
933
8194
19951
7866
12608
6166
28229
649
17676
16028
17217
14116
13944
5364
18541
1463
5996
1514
30219
1427
350
825
18174
8514
859
4446
2330
27874
15820
3885
4778
3130
14
5515
4092
4893
17965
10201
3515
20618
890
2211
8907
7267
1704
11203
3251
1355
4499
29689
17737
2461
12846
26539
22702
7076
965
5905
10407
21296
2217
6324
2086
3713
30936
8953
7695
6287
13731
8249
4720
2231
15716
10598
5363
14949
5555
10914
3703
18281
18015
18109
704
16022
12754
9985
28849
119
13691
7012
4269
8614
2275
14840
7813
2699
5850
5019
10035
6652
11153
20903
13269
6412
11260
2424
6444
17410
13990
3560
16439
9943
14929
25483
4539
8115
4131
20794
6068
7507
16666
4476
1001
15908
16948
7253
15747
15829
14728
24265
4972
7909
2816
836
21476
20867
12483
4633
19711
14048
30540
23950
1349
17645
4143
1244
9627
16806
15128
6264
23813
1065
9715
12439
25630
13007
8952
18060
8714
5255
19557
22695
9899
12796
19364
2861
6692
13314
14852
15070
837
5033
13345
2081
32190
11243
32439
1918
1743
25561
12081
6139
22121
1950
16015
24099
5749
14061
1822
1671
22329
7532
19213
25426
5590
5086
16840
17723
11195
16488
6434
13770
17735
16741
21601
9734
6134
1206
9872
24713
20184
2672
14925
1243
9145
12132
22912
14292
2979
6400
31746
3798
15361
33366
31890
14584
826
15225
14911
21413
26649
20498
7043
25958
2303
26720
237
1507
23422
21162
15576
23597
17761
5323
1311
325
21441
16925
10567
12771
2903
9878
11015
10479
15355
21269
29043
2356
13307
9891
12043
16235
8813
27645
939
16580
24872
19334
9515
13026
9584
19517
11153
11936
7360
12584
357
8131
12518
8292
2805
16901
8634
15892
3737
18993
19333
1499
19917
682
28877
4145
5017
8302
4932
10125
26563
24324
4289
22201
18373
11640
4060
20928
5427
18789
3761
8510
12883
14673
20093
25076
23333
20375
31286
33974
9222
18653
12183
24754
25434
4937
4146
11649
21847
8771
11451
13986
1844
29638
6697
7113
26495
977
1285
5800
33393
6158
1197
9426
20106
9518
3004
3307
3204
20770
21243
4411
2681
11262
22677
37110
2270
9284
1436
13008
6653
12984
975
23579
24071
6264
2472
5108
1382
28638
7499
2434
6020
15987
15192
12712
21399
9536
12173
5430
4389
13059
26122
12406
13823
15220
12579
5595
34139
3074
28364
4929
19551
10594
2922
8020
33221
26817
19417
10893
4109
1404
16657
12846
8183
22682
24455
28626
20415
34098
16900
2989
310
12585
6065
12734
11096
2207
24809
4039
9584
21330
6282
11963
15112
27729
21759
5134
28885
29915
19370
20863
33290
1695
2481
26685
5958
4503
9479
14026
25728
17135
15341
5689
3270
1342
32798
4081
4421
19836
533
17929
7150
963
28424
1135
16201
8460
6485
7583
18748
24264
18157
12383
22341
23355
1239
894
17121
5208
10314
10920
12410
6443
15027
3937
16411
3528
1411
18821
19238
12526
7324
894
2616
36
8263
12856
16838
5065
6617
7775
3358
1001
12160
4068
12222
30772
6258
8087
25160
15906
25014
4989
11331
21798
21694
17595
14604
18507
16293
3323
3080
831
11679
19895
25596
9395
17645
19525
1202
31466
14565
14551
8261
9409
1608
32553
17622
11636
7654
1588
22079
1467
4712
5630
14790
2367
25328
14654
8894
20905
1961
24380
1991
16018
11836
10832
9887
19332
24011
18058
4914
30683
19860
4964
21588
13250
26786
1783
3966
20918
6293
5337
22721
5969
13239
23064
151
4112
11902
27154
816
2968
3426
117
1001
16240
5884
16675
7390
3874
19941
9685
7478
6370
12443
868
15067
16847
9025
26224
6606
28530
19459
2189
16767
13080
5743
718
7359
852
2111
23611
34403
12420
11570
15724
2106
12694
22019
174
14685
3111
17812
3278
6576
22761
5145
4340
10054
11845
2432
6327
33396
30411
4657
21581
32689
7351
4492
11998
13179
15806
4247
719
1223
7870
2288
19036
7341
14192
3580
13402
9651
21401
2013
22288
317
10221
2260
6843
5712
13329
27636
12935
8982
178
7412
3052
10306
17653
520
10799
10985
785
18211
160
9709
17765
30636
5285
25876
19142
6752
11525
10440
3514
13697
10248
32365
15364
4047
7073
20531
15042
4581
12269
29591
10405
3047
10835
13904
2162
25864
9829
17503
22857
4673
19079
25539
22605
3029
19805
7571
21295
34612
7582
18571
23215
1100
32621
7902
12036
11306
17339
11646
8598
1914
10
4244
13322
6187
1041
17493
1645
28184
12854
23069
10177
32528
1152
9721
2418
4115
22404
13024
22002
28049
28823
4262
18819
8922
15203
3948
22174
28398
25196
27926
20015
5970
4871
22512
10875
6644
2949
21432
7433
4308
22672
1173
19076
1264
12894
9254
6977
22631
943
1822
5379
4040
7335
1980
17208
2046
17010
3318
16734
25499
6552
1869
3148
26231
11951
9459
25970
4589
9342
6347
8956
16422
9998
6155
5372
21901
12974
3539
27286
4759
17089
12284
9708
22018
736
3639
4109
8839
18855
1662
11772
11375
21564
22379
9298
14543
5617
9010
20224
738
154
6235
16761
28419
22627
7763
7829
27798
23001
11103
14117
9957
30416
7727
4613
19316
7919
11471
23560
16746
18407
18811
1842
29124
35703
11772
13156
5483
7580
18820
13503
26419
26925
27542
13947
4425
24746
13507
23161
5622
18051
393
12881
31624
15011
20540
25064
4554
6327
1342
17008
10695
10760
22599
30182
1901
8400
4492
20846
8445
29265
21883
7410
24251
24727
19962
4819
18114
14149
22979
2550
23946
13988
29466
3569
17796
21519
1962
471
6982
1051
11488
4522
17150
18536
18185
15081
20778
28360
35435
8480
15818
5769
5573
7952
29250
1695
34524
23384
34638
7629
1300
20012
5351
7939
9241
7042
13847
14098
7995
17972
24285
10393
4225
3211
4479
5734
20653
14077
4248
19191
10072
2453
17070
13952
10238
96
22099
198
5669
10669
19405
631
11446
18140
22891
12794
3403
498
19155
3310
17737
13369
24286
10823
4528
17280
4122
20532
5758
25031
16399
9487
5839
3535
4740
16414
25209
28583
30198
4247
25692
9931
33065
2737
11972
2463
17853
16865
5914
3537
8919
6182
5683
389
20617
1067
6539
27641
5836
24894
3147
4157
489
12955
10035
5811
19887
32431
28083
22936
26805
5411
37163
3621
9982
18823
23768
27478
22307
11213
24416
1357
24820
9030
1301
31511
376
3870
8302
1298
21128
10099
4204
11987
19605
13649
1627
18953
2548
2839
5541
7520
3870
185
14335
8059
25904
19712
34740
4606
7352
1398
2961
15205
13336
11353
18278
18611
6890
6406
15330
12415
2227
1536
13857
21368
9242
20551
14231
1719
21152
23811
4470
19226
24998
24194
16801
12532
3527
14696
10973
14726
418
6836
13393
20103
2874
37932
3452
2720
15394
17326
9750
1892
9598
336
9316
10650
5974
11387
19535
31908
22819
4562
17684
1211
12891
10505
17155
14806
6365
1630
13285
31794
12432
13922
2490
3544
1906
3103
20145
17002
22031
9750
11968
27863
12069
3121
1929
194
10495
1848
7120
29002
15160
7415
6178
8055
28246
21052
7342
4954
5995
4475
6565
13627
3546
2022
4830
19722
16451
8303
21089
23644
15131
35275
1814
6480
28009
13031
5314
29334
4958
28415
6796
26118
15449
16885
36691
24151
6223
2509
3583
23587
18755
22364
6128
13243
4396
21881
24234
981
28770
3887
10326
1544
14710
10791
16684
23953
621
665
18390
1297
12004
7561
6199
4387
13378
17047
21124
20326
15348
12123
1273
3763
17136
11566
8860
18537
6548
1136
31493
32600
20734
2675
6113
18947
9450
2987
3669
2008
18987
31328
31667
218
8782
18697
8573
22069
25008
9326
2628
12490
1781
26500
11944
8460
4306
6596
824
6312
595
8275
21919
26607
1407
32233
7273
68
24466
2198
1852
11781
17456
13388
11674
12091
10125
15419
8446
11780
10086
13991
23046
16811
33555
11084
18270
5754
985
19961
3884
4463
1317
23504
6472
16226
10691
8714
8914
33071
31560
8695
8002
4546
9549
22586
12206
25101
33352
17999
31672
17111
19644
20060
11907
30663
5319
4681
16825
12616
7626
13084
6337
30258
13291
13150
11712
19073
515
26363
14915
11595
20780
1081
10454
13406
11886
6649
18117
5961
3520
9572
9755
3406
2712
19460
10667
22630
4600
5503
12113
26821
7465
14873
32071
9898
8549
3338
25076
403
6197
4005
1769
4689
29416
22993
28158
8944
16422
20632
18742
4851
8462
7744
20892
15611
19670
21744
11149
22378
14391
1548
17766
9177
17777
17894
29526
9435
6834
14663
779
2095
10719
1160
2367
11733
6845
23930
34017
15287
10506
8116
5009
3678
3739
3863
17027
20193
21032
48
6144
12424
4583
4173
19870
31453
24071
5787
20097
26785
20089
9638
376
34074
20997
34287
32902
9433
6074
727
5352
1458
10900
29445
27182
10088
17131
13476
6327
1850
19318
14704
36197
12798
7796
884
34256
17227
5020
12296
19033
2299
4069
267
9554
16898
8638
18295
5757
19187
661
7828
2251
31404
15271
30103
7008
26641
7732
2909
8700
13885
22439
5764
25104
2702
16089
5194
8835
5749
103
11631
34538
13601
12389
1017
23256
305
25342
140
7932
2047
12113
25305
2033
1901
30150
12459
14619
11373
28963
8183
21249
10647
11614
1005
36790
7897
32623
21471
23707
18618
882
31916
15822
11608
4743
12953
4187
587
4281
15951
23163
211
225
33392
18932
9239
17484
2191
27820
29830
5891
34907
3054
27335
19193
29238
18319
2529
17548
1228
3344
4729
3141
6745
26144
18365
25961
23313
28602
23873
4044
3141
20466
10042
6989
5231
17193
6954
14241
25153
8202
7558
5345
965
16653
46
6341
22756
16501
6476
3506
29682
6070
11878
21137
17290
2765
4308
20903
5027
20299
15438
13049
26637
1331
8026
33593
13872
4283
27697
9221
1617
10092
21884
12334
5128
22453
73
4776
27386
28682
9420
7843
1800
21958
11343
19808
61
15205
23420
26147
26701
7188
8728
749
2911
16347
12318
4524
10548
150
4330
27492
14483
3461
16604
9492
25953
8503
10446
3561
18191
5941
1845
5116
7655
1259
25120
9896
11934
35735
4880
5836
5458
10260
10159
5644
11790
25168
11339
1058
5541
16729
9080
13964
26419
15971
2015
13921
22338
29092
9122
10783
8245
19291
6295
502
15103
3031
3930
13039
5568
17175
25707
15508
6953
2441
29634
12424
9109
13886
3002
31460
18908
28296
5926
12397
6944
18327
32845
11555
3770
20524
17791
21897
6102
26081
13029
25591
11220
4460
10433
15921
11629
13200
20535
22817
5783
32695
6069
8225
18244
8244
6656
15899
5293
8945
11050
3714
2714
3364
7916
14747
29317
12165
24040
10858
18428
21664
11867
18298
17504
12540
18164
6084
11361
13129
21318
19328
6825
8476
27938
1790
1611
25490
20259
24757
7040
2411
948
9888
17483
14706
9243
20606
20668
22710
7697
7636
20790
177
17615
11714
9034
6950
16342
15633
4030
1044
7902
27824
5714
501
18471
450
7796
20040
528
22226
21568
5278
22666
4145
2757
5515
3025
691
84
3683
11858
9581
20288
24873
27770
22081
23471
10823
3079
12027
5826
17334
29407
8938
11926
12124
14132
19543
10644
15984
2369
6171
21578
27631
22840
23914
9193
4048
9244
4541
4627
31982
265
12552
21601
4586
177
33547
11400
16855
32778
10895
22898
4407
6605
20471
30185
4570
24697
17832
4937
8842
6804
17214
3990
138
16664
22173
2144
1449
19503
17282
26501
15900
4732
21347
16052
2409
20978
351
3873
8953
20513
25084
1724
5110
10226
23549
5393
2885
7009
21637
9400
25458
17891
32316
1914
30680
15316
17118
12966
3645
19062
22659
6772
5775
15585
6237
12101
3964
20811
3802
1342
19887
3887
19464
10255
6089
5159
12200
18934
12641
12368
27566
19767
16467
10635
1690
9200
21671
16083
6657
13403
7893
10509
9341
16036
9456
3005
12198
7606
13473
15355
16117
22892
3837
8488
28813
600
7062
8386
35996
18694
7688
20395
29625
14790
6430
11851
23021
20752
5201
383
9667
6366
9460
3645
32658
32504
11659
566
15836
1270
36190
10930
11584
2846
16198
1091
2971
13466
13537
29604
12812
18711
6895
2511
935
35562
31200
4161
28312
9787
771
17094
18405
19146
16334
37216
10151
29551
18852
4272
16923
21906
127
4746
538
4319
9823
12119
979
5266
30556
5338
6337
10031
17225
18032
15872
25932
20215
24023
10861
14717
24470
6002
27583
25931
29232
345
11398
32258
16654
6829
9961
14903
14923
15320
738
13972
8194
27216
10185
24546
453
12012
23677
11216
1719
34964
1893
34918
22048
5786
27955
20765
1052
18405
8731
16353
11525
24559
8180
2718
9655
13219
13305
15374
20677
5599
994
14951
2323
8
26384
6830
19661
12292
13389
4283
30292
7727
6828
10068
1
16641
3069
2195
1180
8018
25331
312
1165
10896
5642
22824
8485
10487
21301
21156
23001
13544
2243
17422
5679
21521
6662
23555
19162
3124
15879
24217
11650
15788
20773
24281
26134
21612
18846
8756
12531
6759
9571
5688
11834
5419
13170
21212
11577
7451
707
3410
3071
10900
8608
35879
19307
15300
8775
20232
25177
2817
3247
4201
5966
31540
14151
17826
896
18851
12882
4916
19806
26676
7277
31741
2760
21631
3625
26453
2272
24896
17679
35767
18066
10129
14385
7683
23231
10530
26775
4086
14658
30173
28993
2231
23459
3806
9681
585
11980
6033
16447
1633
6286
23127
5788
12345
684
3078
17175
24068
22472
26452
1864
6732
1021
5500
14290
3407
9946
4908
27335
10385
5080
2437
832
6684
1222
3403
9364
2245
29684
27709
1749
17321
13531
5651
15982
20020
14980
30628
25681
1818
2506
20152
10065
1694
26796
13020
24140
21545
2177
22296
15737
482
10452
10494
6597
375
7411
27597
20005
16283
27566
13194
13976
6966
21031
3384
20976
448
8769
30838
22614
9039
9461
16518
5504
16067
4844
21621
30728
22282
30116
6752
5957
9019
27193
36301
13254
9667
671
4695
5555
20618
6725
7077
4529
454
21247
9547
8139
30601
18852
6145
2309
13246
3569
10670
22109
23010
14862
20972
27695
23006
11464
12094
14137
29650
4307
7311
14411
20086
6997
32705
20320
1264
20536
4267
3758
1855
14290
35993
34478
7905
3157
26715
1874
6239
1622
2178
33273
17092
5494
8624
8900
4248
12223
4730
8267
27232
2140
5721
2186
1412
3954
19569
15017
20563
2954
9491
280
28027
2505
7507
7378
19400
1552
14444
4388
7269
29034
2834
29514
19844
9842
9224
3638
16357
27338
31019
18670
4723
36816
25756
10352
12096
19397
2490
10324
4376
2684
21185
21211
15644
16009
33040
4501
25153
8867
33344
33733
25961
16052
2804
25329
973
6522
28398
6774
8210
14139
20452
5345
11744
18349
18169
16906
2498
5901
12399
10761
16790
264
12236
575
13069
9295
9425
25923
342
2718
6501
13518
20468
19948
2697
3278
15361
443
13575
8139
12003
15751
10979
33575
13941
14583
15486
4050
1833
2901
2643
5326
18591
13989
11528
3223
23735
9314
8371
18517
7843
4471
7604
14235
22933
11657
21983
21405
6032
12226
19175
16831
7960
24440
12162
8644
9187
5345
12410
9506
15230
28327
31672
26484
5810
16154
11206
15953
5527
34535
866
23969
5862
22718
7403
12820
6908
5344
12639
13588
3418
20633
8688
9996
22630
16703
5954
835
3735
26607
18015
21273
10218
9416
32462
2800
3779
17471
23
19304
2679
13802
11284
21843
4682
5584
25009
23463
25946
10497
5967
16806
12824
990
19426
4486
6788
4378
3348
28186
34990
7605
4987
11310
12282
13270
11357
21821
1465
24323
7078
22977
16124
27513
26245
11503
3440
10797
5328
24624
15354
11246
5961
14662
4833
2710
29684
20159
9449
13877
14246
24209
5247
3881
10697
4019
263
1936
21888
30674
16147
9834
2895
3597
7877
17644
26647
8059
4291
23671
4767
10856
3344
8864
21168
17262
13193
5823
6148
25530
1872
19676
4246
10202
15254
12018
13992
19012
26709
338
6480
12317
4211
18981
11195
524
30362
23026
14961
29570
36696
21228
29887
8412
737
32217
2513
29052
15713
11049
2430
14598
31912
33638
5051
26088
19654
23911
6679
36570
2304
4407
8721
142
8805
5215
3125
13921
28215
10082
20702
10633
10251
12139
1396
4564
2783
17789
16425
15820
28987
2617
9234
9260
7207
8967
1202
13523
30157
15812
1774
189
3063
17221
10367
889
4952
6215
15355
17895
16767
9290
3559
8773
19545
6159
13855
27046
4165
361
4283
6027
14447
28803
17211
1266
9597
5731
20177
21399
9108
27158
5438
23766
12554
13809
6243
2181
14334
17613
4374
31267
6926
10894
8886
15955
14902
2050
3979
32534
7933
2403
3181
21319
5176
25908
14814
18667
1514
568
30748
3904
9140
13857
4988
13755
34553
13463
881
23202
3321
7152
7389
27547
15508
31420
6000
7990
10125
9595
8434
10321
18555
6805
5486
16548
995
3681
3027
13336
14483
5158
8020
6398
31044
17608
9753
18672
7910
25113
7073
14151
13852
8113
23481
7004
19790
3060
28985
24131
2195
6502
124
18817
17503
1942
22271
10493
1943
19745
184
2556
11708
19545
11201
5274
31170
11792
10082
6661
4821
19480
7896
29076
1801
17698
12733
513
3868
35304
18743
19858
9007
25053
31241
14075
21971
26293
18423
4623
3748
11128
19200
32014
23898
20112
32194
4098
9342
17175
16912
20022
16696
616
20350
3445
30248
5940
9901
6921
17285
12485
16501
29096
16854
6952
19625
13670
6529
11941
16232
8846
17014
5203
2033
4563
890
25
18132
14973
4551
5761
11324
5236
23400
20624
1904
3538
19971
2636
15248
17424
1860
12120
20646
14527
6488
9234
4524
4827
9832
1269
14986
21670
20856
21287
21638
8419
11642
22217
3563
1546
15153
15881
119
1127
10098
23067
11516
18505
22412
10616
17526
12785
12576
904
396
4453
14247
16250
24756
17275
17487
11459
7818
15708
10406
15414
10538
13571
22772
6467
23953
836
7995
1816
29723
12985
28742
4531
15887
1923
3886
10018
16479
12183
11452
35314
10154
750
24925
9755
26573
10458
4775
3992
20731
19471
30758
9732
2286
30614
35564
4982
7169
23827
8192
522
4668
20035
18062
5551
26702
1986
17707
6003
13054
294
17332
4862
4340
13884
23186
11263
7314
3639
19472
7631
8037
18556
7281
12539
18284
24965
32748
17474
18045
26247
9778
24097
32591
378
33200
2179
34388
7271
30050
10288
23887
13740
13167
2927
15212
9091
16456
3856
8610
720
31479
6943
15408
233
6934
1371
19183
6062
27862
2661
18286
14624
24315
14050
1353
21572
6178
7531
18646
17126
2200
616
22890
7935
1488
2127
11780
5564
11506
11074
30658
19885
229
6235
1700
11181
14185
23105
7133
18183
14581
5557
910
11530
4383
2867
11924
24531
27100
1110
1928
2822
19692
2569
22728
2460
18000
8107
25
5885
18728
10048
5748
1080
9576
3220
27669
12662
6886
3376
23138
26449
14087
11368
16280
65
5832
35870
14041
26846
736
2204
5969
1461
6196
8797
10775
6310
8953
10664
4653
27444
13889
7189
7569
3857
5555
515
6618
11309
11605
16534
3076
18000
7658
2819
6115
22931
20108
221
8451
4119
2391
9878
5616
13324
33699
18556
17158
8852
26458
12432
20616
32882
6804
19669
9988
17383
6145
25314
354
20700
3786
18892
20680
496
19415
3353
16835
25215
6201
15468
8049
2906
362
14331
13120
18254
2063
22757
9226
29510
9266
4293
3260
1796
7706
34504
2848
2031
8975
13857
22514
32508
10872
7466
33820
9556
1645
8345
177
4497
7315
1902
792
4247
27498
18018
1699
742
4600
2806
11136
3187
15850
16796
25620
11700
18879
15021
15032
6299
6963
2325
2355
8124
22255
12767
150
11053
9155
3466
232
22327
31033
14178
13430
27904
2705
23913
7126
17539
321
6606
13104
93
28787
36103
21234
2545
17468
10794
278
21947
2791
3232
11476
10963
329
5453
1238
11557
20187
5044
2481
16795
14448
3175
401
23798
26319
171
1146
26699
14997
12903
12503
8172
37043
4151
23312
8827
28924
5408
3313
23954
6310
24280
4877
12320
5002
12341
6199
5292
5368
2504
10602
6693
14487
3938
14897
13997
4713
21755
8364
16477
7112
15425
14522
11105
5553
9999
21382
26983
12928
26120
13314
4656
26872
28338
6535
7498
3420
27178
7248
9941
2042
8708
8110
30224
28485
20520
19501
13299
1290
25504
13141
4165
6246
22402
21824
5906
21525
1810
6773
18668
6127
22214
958
9358
15387
1631
9976
6049
20497
11572
9963
12017
31622
19455
22434
11937
9577
11592
3289
8823
14439
8530
6627
13072
9492
20381
17886
12264
6904
5873
18863
12492
10001
11497
9781
16611
2052
26956
33610
10506
5073
17043
5646
22399
18908
5623
20324
17611
20134
8673
1830
19507
32466
7938
8619
2678
2874
2851
13386
22626
16735
15586
23649
1421
5734
19655
15709
4146
9258
29454
8638
5490
28156
9322
10300
9350
31247
23590
12158
34559
6251
11172
24720
1517
15597
2845
7493
15750
26295
8783
27669
18346
941
5271
7806
5616
5099
6633
554
7884
786
7912
12083
1011
282
6073
12909
15307
1421
19952
24073
7148
9727
21279
6302
9517
1452
22537
18419
402
5115
27731
25007
8832
17471
16070
4325
4888
18556
16661
24596
7915
21570
14338
12039
10939
5806
2698
31653
25669
18017
26993
8277
29144
35285
21885
23729
13041
