622100
154024
249646
45135
179642
327427
242734
527614
500266
93218
146461
83070
129943
747404
239321
169244
152118
64536
102641
657072
605058
244751
37896
128588
375317
551619
372257
228713
389237
517187
494225
334393
22254
183411
63634
605841
402050
299189
242180
51205
607944
115635
857149
663912
242991
557487
195578
656683
449295
61000
125984
161781
177369
317035
443715
745
12371
447824
592153
148399
161921
548006
443100
409736
919584
110172
55725
98363
105193
738391
275612
360679
796422
933109
609366
181205
235874
306444
190402
856148
56571
618133
350414
68883
128151
741297
47556
9316
249034
578159
548431
44441
58470
12671
38025
126224
184978
316112
65114
177271
617533
413546
223017
578180
379860
972
234073
718939
594457
451549
253573
145440
32483
584648
413580
318850
221821
764926
226342
454742
214012
84169
152772
796492
697689
660938
349524
324661
72713
438735
760380
285195
260125
29825
281353
623721
408280
508315
276851
407718
320395
122347
744097
345678
47253
793128
90124
507489
109159
538539
251935
58481
249322
344707
226901
284609
84724
318529
284891
316223
573054
77370
167852
713965
418191
343745
601143
72136
305106
124234
404420
257700
569279
226341
264701
577227
120565
589886
388404
380654
389495
817729
187041
160194
513600
382510
388116
660066
190900
190966
42204
12541
377974
91233
143080
410675
17774
506686
303555
81970
186099
237709
188846
429792
283889
173009
4887
33590
92514
519137
163482
238278
214238
193471
127974
628637
40709
200167
250353
610256
28252
317525
314066
170240
149398
515165
269714
934483
730083
158437
143019
79208
177783
429523
157721
816490
112703
344679
126691
387228
158862
791362
93727
398835
405169
107754
248269
381976
630653
269430
551871
76506
557689
263518
213239
438547
446123
39031
704340
53964
188385
757278
427563
209621
80488
126901
336161
736036
315130
333166
725424
671145
164172
709702
137598
22493
5294
693988
69992
50957
195904
11864
347335
639018
77577
651266
652682
294472
153249
237417
84240
221501
346190
149325
630479
152187
280660
581220
174056
334422
148448
133228
877657
73132
678362
491422
532656
625234
353531
721206
400762
418012
167319
366885
588080
783932
487349
141747
777736
152571
20317
225366
386688
256068
626892
105416
260534
261625
351443
98487
111097
72225
603538
621781
638756
527941
25371
508003
190657
487640
409622
225548
591751
273417
525293
410920
530635
658654
399003
13246
165470
692780
650990
200355
170298
158756
642866
252953
195847
102529
139760
57077
506668
354057
196725
519444
157704
62405
88123
563601
62426
243428
112334
420388
691268
740047
646180
453628
140020
332591
32955
129555
29671
58221
89306
583097
325110
491379
7590
92251
385705
434846
159470
166673
13562
460079
908460
332297
691605
325931
10777
321414
261608
859697
63152
17574
74758
114042
857128
394905
501939
303780
59761
2942
530441
413584
102344
421165
290874
461445
43637
728108
268276
692284
659314
396008
93273
356789
71904
118542
198270
31402
479033
40234
657790
140628
763100
45461
332076
595770
131374
225189
566638
321557
590546
778206
496659
58659
97459
130325
181773
355036
465613
945714
878004
43054
49019
361391
327689
330897
438368
72159
110906
95367
151134
653731
164167
394587
204053
354825
442277
26242
15428
861156
590383
802905
36650
638413
267084
195355
495900
199113
358701
577099
89186
154338
34212
66100
116575
236908
442402
750288
154330
702919
364948
197730
559007
251026
50082
413979
642179
108577
297354
690667
185390
706379
68280
191724
212561
310249
456606
18651
13886
765095
592959
819185
267436
199
408856
459627
482627
580646
129964
513496
531646
216147
141270
209473
199461
319273
63524
412207
530937
32435
181622
47448
838351
216277
526598
527575
244304
101242
555293
257913
82086
205100
474298
316227
338732
580298
261109
15839
521321
543482
10541
540100
263083
143733
356288
478429
42957
488532
190601
476632
358163
423329
237106
259184
7769
67008
5163
24695
760053
547980
82695
64850
611028
16423
274926
522493
707244
593585
300758
448056
366817
428404
80500
595105
322573
450964
346711
593073
151307
396131
103181
147233
509124
70656
467476
100552
413979
733267
30806
301649
41142
318947
252848
54989
675634
477868
93368
41466
522366
325778
741782
200081
683108
377659
545727
542407
565478
321334
530565
130523
662520
13884
347513
322028
392632
56605
815197
192809
470700
443022
117403
598183
42539
194282
425542
540753
318054
102221
16309
248256
632336
631799
151309
329834
389258
478924
133835
212819
156083
822990
320570
432128
545174
412634
529464
378033
730782
181168
679802
378871
157536
631704
80646
554297
286967
535791
32537
441631
173909
277585
472479
627025
344477
410691
252671
721160
186810
288312
381482
651882
220698
408485
56858
458914
559601
498686
207031
719147
188788
207235
370020
572461
359847
386038
331860
70310
199459
589920
3375
12636
323916
97795
190751
10481
345976
294767
734744
379502
420152
165413
416213
737232
722341
663485
348600
609376
89700
817795
71204
634293
271004
112497
663279
752685
452367
44266
243974
177669
16390
104192
233248
229499
484939
568878
325464
487639
511439
13592
209578
253729
487981
262694
507523
68515
263934
72538
218842
160134
521900
620745
114283
210086
355092
182374
296977
854263
114556
313087
7438
296134
417873
42186
42825
409567
61750
75158
444627
340404
415977
189174
499233
271370
902649
261401
153724
765750
92258
272276
877039
78552
565041
259218
757766
80964
52918
576067
20879
567555
219675
287295
435842
286050
730450
37205
211459
696588
20741
55963
318422
105555
631130
514369
404059
149103
380108
484875
439740
222822
344986
669380
380410
402985
223969
343133
231158
168902
331809
839087
379482
12342
719027
26939
641871
412822
80489
23314
293575
329733
42699
838379
51847
737148
519449
705578
465365
73810
535992
452472
365358
357003
388073
524340
820230
152420
488843
140205
308321
353335
752046
186735
92494
498836
188038
756123
140641
348645
518476
755830
74171
436580
435243
9367
410357
247733
66221
350858
156074
141717
115909
408079
216247
330714
41797
247354
34462
436053
474010
249477
689693
991461
45798
404226
499137
364861
375846
313319
422652
2823
452060
23366
293717
170670
95022
719463
375481
439354
195772
455487
223323
836433
432151
530116
64136
398111
55379
310038
131906
313261
5769
80543
127532
71840
125415
17600
354554
495687
234698
812942
339791
536110
507853
80001
91023
88731
317219
151076
592449
55366
105636
53793
109960
762953
316158
276146
351278
626545
121052
92876
452822
850193
650519
390201
416158
259434
109576
9619
54681
122211
762955
745283
11113
502049
44423
278014
885398
375107
441957
613475
829974
211035
220592
532744
417680
378669
282670
527714
621313
488187
57551
184693
221625
190192
696253
657253
482574
126670
218632
41970
441403
60599
391808
38713
187112
39804
616975
494593
388303
651558
360571
69068
291151
430362
462718
85482
80051
427495
137705
595325
340143
122504
285497
6729
508106
563019
168671
619691
422332
356812
304495
326553
39517
260833
615803
336564
304912
343552
42733
462911
124249
81591
265114
305660
379077
824494
138120
5336
139293
72081
531719
224015
30266
702059
598223
358881
394901
60192
715725
97058
516929
727850
95509
458344
591855
70727
173885
244080
259422
298852
36293
368233
309292
889116
135274
69872
381484
387712
234278
236506
319405
55593
533540
172783
482591
220364
23986
458015
148411
69318
36645
870124
758946
431338
78001
161090
535156
54243
259490
590153
213815
366528
118870
418391
408238
454826
96476
46981
401408
368095
133407
496023
17895
247710
118612
545184
424555
639834
733675
67354
94015
581320
55585
9341
20810
744933
657067
477530
169951
254947
80819
483833
312149
132448
13420
771134
116072
72197
316341
44454
241566
402221
278076
406111
294340
12120
566944
302433
478898
232424
115060
24722
258421
172957
72318
353460
161890
240414
744912
603627
483292
732893
426418
256341
423482
270898
442686
84103
116631
58001
431383
103444
527712
293080
678871
718761
101913
448372
599921
263832
422872
169006
213173
255299
185413
177891
683256
433901
13141
322204
21310
469671
177510
482838
653122
354805
732874
407247
343130
80721
711009
100488
649314
788203
53255
466895
836882
7511
274539
613297
90505
158286
25247
19976
160500
60961
171179
397764
439608
226100
205944
305417
70148
121421
191328
468565
263744
405079
131189
342240
275022
46871
635504
294698
827759
57761
580180
722148
341242
483703
225971
50706
144240
324193
35687
301368
46224
101940
215530
327610
116862
293906
211300
152672
161104
431271
542858
392123
197876
487115
94386
319321
382125
243721
918616
499059
220739
118718
190125
125253
381580
359464
152943
577160
335249
294430
7058
441999
881086
386360
22476
97395
113416
114778
170119
422507
268827
159962
216745
263085
462807
107982
359416
574822
478112
605623
546249
335339
209565
19357
489028
600252
58216
153331
11757
295877
192014
28065
8069
40718
253426
186082
539562
676443
256696
86570
40413
439202
620309
100359
322305
27665
348032
160928
664231
163162
47078
100364
743585
640306
106117
92821
245341
178147
526507
692955
633453
528534
143804
592978
658692
897237
373874
360457
314064
108541
565705
243914
462800
324600
154764
123592
545632
550120
195266
349739
65757
209756
280913
292098
247101
161666
227672
546933
346618
72739
144147
68456
6124
646810
67033
395277
324423
525067
161597
260983
506075
290724
498034
18751
219214
558474
220038
314061
216616
132647
154305
241231
403830
845122
32199
42487
322767
199515
479060
188614
14117
395299
398861
150723
821103
182960
277175
543760
292607
394683
436805
399669
583267
381519
9553
91203
804192
11945
381703
36045
166152
90724
52768
160405
109784
151037
102291
405404
100661
249846
411691
726861
284552
92382
442035
387773
582719
43638
79532
27313
798006
929380
737930
141880
678416
586463
488110
81769
304023
495813
561916
103858
635971
306553
102632
104846
465751
912405
237888
515675
630853
341727
669493
678484
240454
79700
93722
257823
437537
448413
232989
455013
97048
446497
416928
683572
213390
269981
181687
90807
627812
530966
496672
37104
712796
96296
382540
397773
815769
497856
735990
363590
95526
389983
228572
503364
69284
320904
101115
432669
201595
534516
283198
713195
160220
158857
412486
301409
283980
264539
329513
622245
468684
188783
35828
307636
151172
837244
74672
323429
187607
665369
210855
30242
104512
633310
250465
782227
563604
84681
168764
74198
170865
531780
440239
619764
136591
64649
448729
126761
173684
198206
196644
55084
177485
140976
143857
594446
257951
181739
362168
618885
394853
449235
364234
388882
79207
37447
100421
721371
509582
497180
770322
431656
507343
571361
128095
677347
261667
259548
791077
650710
250434
108065
397353
298213
31325
316373
318912
197885
777475
41633
375550
292512
475560
22043
544500
745005
460259
563605
106407
377635
238555
24205
390135
153348
782994
71838
258435
309830
277926
618333
56410
687866
194308
538522
284627
223584
58669
487254
391176
533657
31592
175129
273436
503882
17662
203160
745040
691196
31101
211634
108244
237885
671404
161653
255056
216311
131915
576798
322686
160408
722980
200320
30075
129076
320627
2099
179119
428097
45673
728535
155170
348201
210621
37609
481863
375339
437907
222173
139768
360515
97607
143918
501365
212758
513
236533
629040
177482
430639
144476
4458
234019
63160
485347
101363
627494
310923
99914
138544
234070
232470
445849
356152
48269
695304
287590
320024
301637
10061
34927
772829
282641
72796
103967
676912
364389
549092
298689
882020
105053
326328
397872
545874
282212
474312
275082
29046
679315
273298
155834
462866
348063
490918
695770
118319
38258
153888
961731
15615
470308
32976
278750
30715
171513
249537
267084
612926
445441
322119
701908
576035
175242
658157
99144
182586
300517
113676
200237
39337
136015
492404
474869
498057
385405
295187
705234
658949
365257
202035
469189
612667
531014
146564
365569
811111
353874
212127
337653
553273
306053
651855
766258
423157
443652
32449
240860
493628
223281
304618
101880
445925
45791
493269
157978
54958
795099
41636
198468
128885
277309
283739
432846
399479
343903
960318
165889
788657
180471
102772
294058
259459
786704
397091
88506
539320
60628
60041
115744
105872
90970
144264
472807
509282
231944
277996
217910
473277
170108
197494
277687
251914
12186
413699
419616
238196
858287
418298
205959
306451
674992
20458
114321
331969
333950
167989
443484
45020
542175
285906
854929
229983
201801
614768
592203
340680
89201
96975
176119
682359
581843
620565
170573
50034
601915
437951
72382
612971
426295
636014
116617
156695
422827
721422
337967
382178
884000
460725
321407
406430
836165
137843
374573
21120
587403
373553
317850
418833
643789
84646
341985
566057
424370
380895
384887
245216
82560
527931
76605
865983
143290
786287
894356
274585
413603
612647
273976
763664
48915
362040
142315
192712
488777
102713
22112
260229
395775
397673
530361
95818
136061
150163
171503
97943
751979
46938
472759
38300
348300
125374
542713
156173
362994
377979
329754
727376
152940
183025
566884
411738
506299
234348
53707
240975
612446
192910
84610
445521
241595
403607
749300
339103
69248
403669
129289
299044
727170
152101
89295
692789
719829
453456
47048
298162
56240
47565
33955
326091
461348
261813
209032
569855
604213
393364
108551
592224
563477
120635
628727
670577
340449
128505
251978
586823
30676
402683
325830
637744
117584
179424
231554
494917
93210
700240
500273
913187
499057
64160
48302
654692
236970
712472
128866
154845
796850
314850
60824
524949
282876
646487
126077
115124
58733
691692
92108
88142
10848
203943
121546
297749
83059
46256
57755
32537
197772
141854
320492
570632
23445
541458
199841
296032
157148
362034
256124
150182
49047
488850
502548
605458
53736
329805
160313
151113
704064
339923
20836
631690
391531
334397
528050
74398
271442
464203
193601
119768
931966
45688
605011
520179
886786
169555
468711
64711
215136
520849
45080
752105
731595
155507
231621
663203
550100
145038
280802
718339
231192
248338
323053
608918
199548
209520
175601
568787
364978
134387
331719
512903
156383
635153
243343
662623
149929
164231
477461
230691
58750
102845
59695
117336
112584
822595
437834
152052
82629
159243
222011
924700
455527
147641
550103
5990
440233
441135
348397
816126
221153
694953
154419
85982
25523
681009
175156
304898
27736
220277
342483
796471
420289
54538
1118
883137
639343
82856
335204
142510
72912
490409
832899
336667
495647
482612
809614
623786
23346
283169
346618
269134
356411
274739
532131
158674
460134
288496
494016
754288
115212
127805
68659
561019
337872
764330
200548
231679
261306
40141
586376
772482
52148
356478
90190
173303
257053
237606
788497
195175
494809
29646
410215
236384
283454
360312
423165
91136
212480
505295
85074
114005
556357
93359
245070
42017
437670
332046
356832
73753
149140
700905
606681
463592
448969
916600
319984
2844
406570
281677
382105
89093
145642
202128
346590
588594
761193
67536
688755
78802
65774
59538
247403
72174
407596
323855
341187
442145
382046
192886
616610
299576
278433
623802
257270
45888
875326
512039
614845
575182
304609
903818
24408
49723
414359
535267
400730
518341
236515
585300
242909
564165
166035
228842
755993
728045
154526
279834
194355
155479
292289
669892
5557
9527
247443
909790
45400
725668
132102
1742
877265
231053
419765
63401
623321
150442
446780
213118
169060
130497
209
860071
570617
329404
682025
765443
912497
469534
272576
57737
255364
104360
316592
69759
367480
332588
54727
457728
368555
281045
154139
262337
332939
445219
329574
401318
318184
379026
574195
91336
64572
486698
390271
542738
523911
623238
153679
123479
521224
206412
237449
333125
575102
839468
81474
108355
246764
332656
644342
265085
634542
154070
809696
153345
38408
279839
308652
439743
59127
42157
58295
732459
447478
358671
272975
17522
369665
721843
120970
130704
365313
226862
852
78824
586851
88468
637349
665517
123573
39769
129554
684378
527871
262696
79035
130825
195082
11864
315217
579803
171119
399540
28405
377586
182382
6795
615538
284549
104426
807048
261272
7947
110141
558623
104019
178172
639517
452539
101363
311109
168912
267819
517618
268163
197071
175737
73487
340690
17269
90944
745848
85480
406011
84193
660774
272639
457600
157
73101
101277
177703
789025
74882
235217
813355
2038
449527
471183
215932
1373
190624
374014
99256
673529
274650
708428
416677
755911
135840
782602
53683
382323
212016
540441
126882
338549
777620
200457
87103
626852
470908
52778
38540
2361
550608
40992
374010
212376
324705
226916
367091
685090
205424
319069
39623
400394
308161
263747
783637
197099
159674
138611
285876
371544
135222
124386
161640
89780
408752
151062
217894
92263
541708
331753
618622
123365
448110
238194
436551
44696
153142
23963
246362
317431
109182
441782
365139
622931
110321
584396
199939
96395
160790
883151
255810
108727
101880
126925
122715
357827
377082
536190
131201
486123
108241
64199
110075
9766
790445
292501
374430
29121
132122
175999
14871
460473
101083
15689
47492
273758
463104
391804
745398
176869
338227
193793
395063
651406
791152
193693
115676
513692
458977
291393
541799
478510
297509
211329
523253
855621
490493
47531
672131
796407
221207
411947
484237
887260
779884
282390
7951
275561
253258
248002
91446
39377
59170
141249
609322
252158
530437
167841
14040
793165
65078
247856
922124
267615
651527
177035
621668
35475
98750
759652
332120
336026
536272
532768
331785
247563
727958
274730
166324
594148
295681
430752
705105
116308
574321
277764
74633
309644
114060
253664
485605
400255
44841
20180
95885
471188
59297
761158
798299
173908
583708
123425
90267
272633
492589
698308
223883
224898
53712
201536
657017
687680
100047
206273
390108
91012
846720
552685
213979
229398
456492
235912
654226
25428
606726
670537
159947
31069
65812
35934
15299
32129
179893
177043
734832
380405
820831
114074
167966
113675
677841
690704
86398
341887
236287
529830
45052
409922
260897
514587
599577
241557
283279
152139
40100
538016
475043
168636
769577
571086
194642
74687
325135
548195
777488
709568
456076
155163
73541
128058
12986
522133
218072
303276
97509
67334
739657
547494
900605
702705
526549
311372
111701
676842
36963
509158
298432
113924
392627
475397
167254
718792
5764
71715
559873
72238
466041
89454
735644
722057
392990
577293
327020
34511
189023
863779
40370
666734
52047
47190
247125
24327
460766
132366
802852
919313
475110
166100
721236
688996
309003
530789
382522
513649
360442
643175
512337
655427
243932
223776
34265
125871
507927
269304
431868
604231
561045
356179
475551
21850
15804
514317
477075
30122
646864
345655
443715
231609
223388
289193
231967
208069
236293
159237
5634
647567
35994
245987
401611
651774
55772
230947
63959
32944
36105
519883
195344
154403
308446
642590
495138
209396
367874
713020
583868
360063
581981
738640
861475
55679
213432
540420
275132
138196
215646
177901
369851
130233
40648
401465
916064
473823
639009
67684
359135
79107
97263
194257
376063
113174
69190
906802
490452
808052
742009
55205
242467
197408
7394
50095
376042
431414
432080
48021
210027
172047
436546
325081
499144
865034
48193
644740
495682
36948
784957
25907
218833
356221
390288
43281
127950
365245
23850
38095
574835
90265
231168
442339
810262
68663
188355
778194
391275
832903
474096
543272
654767
672228
202459
145987
254813
277461
203772
350622
208498
326475
185296
445935
221100
689583
734739
391938
269150
653169
397900
488667
306655
942320
234857
141495
234792
15610
481040
576268
287049
903787
44783
730762
113230
632038
251669
307862
623503
58966
35625
93714
152194
345293
309864
192536
322682
251030
360999
56105
585877
601651
206801
351571
81990
364099
220187
490641
721427
560256
253441
348593
301811
480934
923555
265926
212132
567963
12375
6349
146589
167370
436802
236805
147860
681198
270960
270200
1541
347550
253507
593422
601495
433403
44883
369675
46134
664570
828932
515303
226337
492182
255665
660846
258423
234352
601133
292668
325270
642132
540007
269422
26335
186514
384119
875983
483886
758009
132272
536071
376045
245403
413135
72644
759065
561381
298985
146654
7282
366374
150351
606826
50334
632336
915912
225286
273145
339891
221632
576040
142834
413813
136875
523700
466131
300338
561044
761098
420371
527549
111562
129186
39222
53600
410370
35607
572527
354797
682089
143597
233158
164554
209997
772434
181530
265059
218231
801511
13081
40410
598081
248794
85065
708312
663695
48090
5996
465102
666474
134774
425962
121220
881667
639080
87727
218529
486574
277113
700835
185992
394817
309834
206287
599587
742060
109527
736703
128872
372588
859464
767413
731327
177161
394568
565452
404189
325881
625661
444762
348735
858852
410771
288863
103982
961115
462404
34585
129690
178214
52403
13945
295579
225166
451395
70435
247824
120873
15088
303967
537097
278888
19888
331270
44508
288628
387363
105481
381301
39941
2854
6474
114899
492821
259212
203449
300929
278176
666269
179428
386505
201116
385361
626245
414845
342484
390
227655
510830
284431
374768
904278
805540
520893
493959
473347
117461
66894
16675
546585
644827
375368
535228
605118
581530
89721
588254
205395
357986
255378
297552
133927
218686
311419
46539
172521
759366
217453
412489
105983
380933
344230
793417
145815
567320
68144
608455
89783
434623
18101
309554
336503
3742
2574
428206
194845
244881
480081
116265
183604
66877
83584
416731
524503
140743
157041
37084
12758
345589
407039
351290
659791
356736
235905
58716
209513
30198
445850
148194
442696
364434
493619
1763
110842
248584
651252
483435
637125
482890
551917
548527
42538
496157
456051
73805
92536
17912
75527
669655
216082
566181
466861
225601
133122
181894
58715
273886
82849
66887
283186
87522
441187
204631
617195
10822
284168
91446
43094
574321
610199
121952
159574
170588
299041
669304
865800
341533
309526
334574
59978
311053
248614
426996
236458
156960
286081
132335
658420
240443
353031
16467
754888
339295
161750
541611
149370
54259
123822
212654
264439
40953
298420
434332
284069
772406
130424
154244
7521
583373
251461
25278
61969
272381
479938
368125
230792
34049
594245
112926
546006
31108
620885
34167
140505
425606
749455
662259
107939
177799
135351
18547
318407
339979
299356
271516
516190
501619
128615
42223
113960
132164
490452
350699
188375
391027
304376
674155
258515
257945
283500
344035
481952
346678
371860
173814
290993
111266
112770
566919
107138
796773
605898
428529
322083
44764
129247
15709
147831
79779
208422
127247
123106
660851
108259
179048
845701
141896
138337
26274
416979
150185
151023
140602
243579
502079
423695
220494
475914
429458
274029
289393
526016
538755
624139
671188
473489
47952
482561
161318
475592
214861
692124
844535
553432
741016
429826
2353
142257
420312
479217
299215
821155
121146
100308
161420
188033
609145
12493
567162
3497
220013
461064
124518
537267
154673
507705
251619
112678
140128
446688
46519
666062
490257
96281
814000
243813
833030
645188
924895
493060
184633
397389
591890
278073
297621
243664
368683
638353
557215
64968
496255
21954
405107
196275
280665
167729
398921
364624
28513
429452
155636
261342
299736
400151
421801
566126
647664
577442
169271
43955
734493
542252
246162
92703
467284
799195
523881
98523
564339
383566
39429
627981
8157
164915
815970
510581
479587
553002
18378
118285
288697
319106
365689
150708
62161
545397
506472
671216
72165
433355
289667
356328
725305
208702
281629
133802
38648
431798
734440
27708
714011
47705
901143
650896
114465
622829
743125
881203
266982
655090
477827
39135
591135
37806
285163
633295
332948
190026
361079
476311
93607
115127
52648
737726
570386
68104
203267
684359
319659
278424
10968
542144
199518
529963
196274
57541
103342
89125
3243
70289
92248
798579
427550
190087
150246
146139
125406
348630
117618
148837
186358
742949
431539
69658
317392
237889
196745
456966
260906
514519
635539
231883
603824
440095
706134
221052
752727
544757
637747
956861
750191
367357
392903
144014
616111
314166
3493
30488
789444
216385
905514
225564
650388
371672
408733
87291
569283
548731
77325
352844
534499
321514
163979
217549
79973
87169
236124
7752
265715
400257
547145
306370
464722
138309
562818
75432
535511
226240
449602
764793
396932
274582
603718
259765
801984
243474
31802
8
142161
908939
246493
418619
54436
109145
15681
280451
291012
242849
88445
460030
224227
314439
45609
257431
110795
224546
168204
738979
680578
418262
663513
740491
100540
878820
42891
282982
708699
250784
599298
178
453067
195039
64977
85755
21562
49492
685352
442791
506363
543530
302305
714578
634129
293695
583749
89089
344999
516025
719520
41619
328665
738751
13697
183797
520363
770969
10313
766968
93177
53911
5773
51221
451607
34047
35774
725962
148240
476977
902792
97604
33801
432673
132823
448120
684435
111919
403312
315689
236635
593541
21857
111871
471888
655913
547585
538819
227354
192456
490513
789196
237477
139435
438932
400267
89660
442096
229993
563084
524830
357494
364302
365409
196551
945243
177667
477115
87695
564023
117009
499499
82487
851207
376715
424310
356575
742698
335805
765456
514503
7147
349273
301323
170967
218967
298728
182178
170696
446055
207912
265920
248224
281633
570641
163488
539506
120455
317138
37914
537554
924040
283526
592062
200617
198871
119950
543612
328979
903711
380274
98209
118845
229477
520349
343947
224163
281355
32171
314709
173060
5380
123961
657602
7126
679035
646035
70051
508839
49834
23728
73331
789245
471280
185607
325903
107319
495665
143489
905660
785785
602898
141134
204963
711246
27910
344322
87493
744519
488237
251860
187229
187604
288640
48852
45019
197234
342592
361722
30214
321945
782652
129782
122289
463466
40785
369532
353316
776855
119727
348397
431886
484129
623306
40208
455932
552090
202030
820294
285030
559128
608824
112965
727515
736520
650061
652954
252367
493002
547233
629611
888084
233517
296811
146940
5593
164340
4588
146130
793449
67352
72469
243770
152042
398689
347827
397945
444520
403706
621612
323453
112590
641363
654835
321914
212660
589348
76725
495345
647588
65548
142261
249324
173481
410058
85555
484826
93947
194628
2202
40621
417697
37584
35059
41503
29087
103413
437831
64188
167769
424370
198670
593707
320018
107339
199765
273289
177097
764823
511878
702001
635351
42558
766713
660904
294868
87419
276913
565825
179544
814627
644393
239214
761336
447256
23827
254833
41327
587234
103191
600936
221387
387209
152147
56346
76297
520358
52012
470728
262205
259421
91166
345744
26984
115670
707340
610451
383211
399108
348007
541802
609861
197082
82014
187439
172938
518704
519361
607316
26398
86565
113973
251261
629997
101696
90683
67222
788138
339353
33512
373327
53031
613523
345648
192856
34909
137613
255105
189357
464512
258213
79287
365517
188746
851355
346236
105208
495093
832023
258735
38455
432432
32020
198927
133606
50327
195027
391832
47444
437987
210650
85417
847964
818158
652803
530374
89223
138733
265009
863008
648613
399473
346107
48478
427380
72622
80700
151220
417132
719364
708432
575174
527620
165149
75233
131939
863825
6045
261782
106791
266156
294041
334130
272721
892849
235349
176253
8177
90819
252402
176668
109980
184589
884056
435925
331192
210878
55940
338334
29429
422770
620106
278733
506394
18734
91430
524341
156822
382164
689711
53087
377195
826724
506848
443936
373562
197526
138655
213414
158616
626258
150138
257248
155869
767291
355683
759213
733324
36770
90106
117710
127727
138919
231597
84079
495785
151922
556022
64084
434328
426157
109973
152661
773163
28366
78073
108696
134206
101171
326414
408279
74593
81190
521202
600890
124532
775257
580329
220001
58063
428289
149744
26613
440225
396574
60176
566602
1794
228537
20773
15357
237010
132903
459409
344340
638363
820003
501063
88050
14544
356721
151335
780748
242705
192612
252615
138544
371720
329382
691543
290560
156957
421939
408553
41232
612803
510060
806944
395616
384780
341292
121755
154185
204117
24957
142042
28354
119
301421
47762
195093
220353
11221
264490
97452
204617
778579
397549
47376
542229
12263
334111
62476
362592
337897
470428
154256
388351
303366
9846
575697
398864
363762
31124
596504
124242
453837
611608
497933
652901
353178
566570
404046
805772
47932
120675
304902
563538
68731
542533
689288
30727
3743
699533
617180
217412
800763
599756
474036
171583
528894
97433
775012
63234
94365
367837
354369
109440
469006
124683
654334
6636
575605
546556
321277
430137
52262
287140
166652
146137
489887
826381
465612
51425
277585
479891
292968
285057
421751
470326
199390
489933
117186
69490
678283
410357
680562
417259
83458
606583
315023
418104
13242
46475
228538
272865
253956
2815
279462
123428
276243
844
41331
738282
195949
797164
695446
99088
258395
1344
179655
729754
575061
480917
1297
321668
110867
80370
25864
272164
3105
707457
169518
251093
127265
412432
617553
279251
444317
472546
219799
69366
568593
44869
88594
972285
340384
329378
379843
628331
233923
255639
948964
470879
208367
170678
230733
335911
365566
233674
620046
153826
30062
505724
204007
628908
334891
751566
3063
132217
379576
813672
574796
450781
385254
49389
579930
412918
42335
589550
857287
44085
742225
53454
478340
267867
408703
562056
747546
226191
136905
367649
72779
401825
323010
352700
61503
777071
864071
32537
273684
260079
224137
554177
88963
192372
183254
426135
115109
528464
82601
393507
274667
272428
431607
259092
338754
711866
493309
143277
861480
53617
22069
311600
263977
366117
69914
47877
579095
609384
183728
339844
58192
427556
42434
297474
390380
722730
750934
19261
898502
533983
44549
288689
105729
114306
439186
455790
196882
53559
492140
173370
11136
475673
51860
786535
75181
412469
561615
83531
225654
700570
564894
174030
400475
150053
98925
19589
345192
344657
474460
470748
367411
105310
20416
84358
472669
651205
30078
921615
165262
308879
303278
660185
53860
504361
270776
270651
25380
728403
109742
646421
85134
243102
1998
22525
473533
535213
322325
453998
343431
260105
52045
133573
380399
228914
914445
434716
374149
31460
376655
221904
449933
70630
600962
588618
176747
173513
99502
343463
107116
156037
527397
214320
204372
330221
38134
209778
141942
242619
184943
169405
393538
876799
123902
219668
25167
218278
549799
460176
248304
620893
419817
637842
471755
124192
136218
296977
429361
126108
475152
546445
202158
117184
795620
472908
93663
486162
78456
724520
357717
157210
628762
664865
264163
284018
483364
430752
261362
783991
76222
424669
94730
95681
544488
17383
257596
145899
409676
716681
620644
383603
129295
445215
114171
284065
719446
453974
162010
532354
7163
32544
778005
570137
179467
450043
241445
108471
560411
396111
552649
9359
172077
130592
271106
311566
218837
206922
627552
277187
669109
103443
345206
28614
303626
218003
162565
613823
528171
158612
422332
384529
61558
420415
174202
76823
122639
466775
431890
586864
128018
23799
208971
247193
230187
301993
592292
716085
329815
306615
40007
167632
27149
539805
169593
172184
9595
442670
448161
104168
237489
406234
264390
193689
565713
440165
566601
379812
671879
419059
14116
671108
128987
618201
532118
814181
460504
255905
30980
379611
179179
221820
113371
442565
332704
566315
354238
151635
87173
682964
104625
206549
326514
90501
922043
292074
452570
84112
527022
911204
778647
3876
68292
290093
116681
351594
157887
207410
79006
4346
919570
534815
151201
279996
516890
496888
777701
508047
82250
737074
359493
54628
334914
260961
614240
11250
173730
733376
383884
30815
352322
222431
163682
544640
168878
272956
601346
573321
92679
213772
121423
958102
217591
800393
20479
41981
365023
842849
210786
583684
528324
159423
92765
20947
721666
423609
58508
599180
5013
356230
182433
156697
628239
484599
8630
691137
488460
109834
55728
388244
177378
151026
28796
500344
198477
238403
299688
292459
814250
568872
407778
243042
392050
285260
70343
168307
130130
273111
399207
230173
327353
779913
172519
738259
275861
368458
54568
416740
258811
348492
48287
274684
505858
341141
25862
590167
170653
554977
464874
37511
336863
276090
322917
80260
17438
180117
336547
334843
294462
761398
87338
592109
375861
146311
117042
862156
537091
68972
135592
276114
10991
314171
731285
727592
237123
141305
130341
31782
383030
2932
476383
14591
48200
70471
153052
592763
27250
887625
10832
254960
420979
74171
21349
197428
479486
458973
396138
327816
433199
201649
681428
283370
859566
215267
30545
523918
117460
41508
262113
35358
384645
172757
51871
285116
41356
238285
363953
296950
221430
252074
504864
342744
242143
146102
576994
410137
75690
217201
200673
387793
171253
355668
214678
493652
109385
563111
755326
290158
626252
281765
722423
612011
576215
97582
48530
102861
284935
359201
685243
386275
104427
837132
412337
183531
589621
114157
33222
437078
713117
363556
258877
369452
206089
190451
547524
355373
89815
207279
544143
313969
703844
143170
82471
136287
867414
227042
50950
74058
201933
601968
208129
511841
576416
549117
753351
89784
119687
307311
221726
269574
120128
440605
534
259504
252379
109711
665355
61331
246145
395668
385101
60948
420224
669046
258548
96204
236596
338092
45489
322082
426381
39523
935256
563922
273526
153377
398582
612761
337427
124788
116062
750396
130979
510769
622266
27070
520746
128933
59940
225460
186542
407441
706637
232847
217764
136533
595067
180585
157231
396645
5705
496832
627969
523746
173552
38078
250012
105316
550028
551717
50332
99443
19536
690390
278359
406436
486958
579868
246452
385621
622189
365120
154776
78500
383917
704793
152291
233561
194320
524637
702289
298921
391164
378770
266305
417792
71883
178743
303654
411424
93960
132504
210340
304787
207865
790418
89336
263441
64820
110173
22445
221249
640633
658792
335377
322692
138794
492942
175867
544153
122040
12292
292089
272485
681108
524508
815099
701451
653960
181786
209582
241817
342918
904911
571536
40831
72826
519355
302089
253748
240560
119138
378206
387092
241439
146458
73576
157614
525367
535328
29822
460368
129057
304607
216012
462498
594516
508076
386385
81926
226568
287749
217345
386141
600478
50134
13731
345190
331044
771573
463116
279691
122905
864954
836072
357303
87481
235339
149371
262678
37556
21769
87489
457811
322652
210910
124502
671641
27416
141177
290950
504742
673571
342787
193746
155331
135543
452718
98622
20691
29241
155812
599678
20338
469821
106488
98476
376653
241188
105374
177518
101390
529930
269498
91382
7355
430722
475806
415465
196174
663304
283108
34176
881902
121382
120936
187898
878509
182769
192401
