5216
3921
20692
25298
13274
34638
17671
3747
2676
6794
14830
21961
1307
219
24342
5832
5760
21041
7630
6422
5725
15862
3998
4284
6459
22690
14290
12135
1550
19969
4023
11495
26531
3459
8296
7477
1750
26019
5978
4602
6736
9676
17079
15614
19327
23289
10736
7687
4086
3426
9117
9888
4172
12157
29989
28831
18209
6658
5791
5133
10103
24162
29795
10533
5485
8377
17932
14765
15198
5638
9588
1677
9222
15484
15431
17622
2615
4747
6226
7235
28733
10678
4884
2769
12757
15709
3609
7883
797
3699
1109
27523
19381
807
7772
9061
10667
17592
22028
2995
32754
2931
25502
679
4205
7530
2708
17408
5143
11060
10822
7305
17533
3568
10536
30454
6139
536
8310
1283
8194
28173
12749
404
20081
4113
32711
4614
20846
2711
6021
1616
5522
806
9332
11799
27160
1425
10496
4321
1491
2334
1412
31250
18834
8410
13271
3815
30
1718
11134
5052
14383
19775
17283
20584
20906
9179
4334
732
7348
2825
3510
13840
15421
16747
25411
30969
4946
20954
12820
4400
7326
2589
21196
3649
14159
17753
3886
16
12505
7389
10261
18678
10643
3812
4152
5325
19584
7660
11200
15648
8339
12644
18183
24275
18495
1069
26829
30289
20503
20839
26284
25451
25429
16882
1493
16248
8209
8
8917
22819
3740
21198
19486
11668
30593
26133
30096
6220
8076
12022
4240
9768
4346
28747
27777
784
7558
30673
6078
12110
33940
18591
5960
7752
11304
5625
26630
10812
1127
19985
32645
20975
7835
11051
5394
3596
24578
8874
21840
794
12322
7085
2068
18302
15836
2126
30632
15343
9184
11492
3174
16604
19872
10980
22810
10658
792
26614
12646
15549
30402
3290
13625
35699
9017
4595
12022
17163
4691
8202
18900
4444
3759
1510
21987
2991
11511
13490
16738
6520
21031
21484
14065
4554
3167
14085
6373
11096
5383
10313
14417
4254
25085
959
15909
17220
33201
10581
31128
13556
5066
9011
25333
2803
10758
21577
13834
9482
3386
6054
2238
1319
9629
16163
20869
3807
10980
4545
24407
5374
29697
19422
17164
624
24962
31682
8714
9321
9272
26046
5538
7492
20492
6534
32169
25894
25516
17244
4763
6833
27091
668
2874
14645
32408
23487
5896
21254
9566
27385
16871
27277
13603
20316
21471
13114
7660
7154
26588
5347
10485
195
8303
15369
9220
14596
20916
22089
7600
35858
22017
8532
3712
21744
24901
17823
4324
7803
1007
14573
7045
28885
21229
7575
16568
22953
13939
12173
28453
190
19279
17327
35794
21559
23266
24875
32457
6868
3159
12705
21433
3823
13838
25591
16340
34108
13503
8117
13047
5489
5196
9314
4310
1974
2028
29301
10028
33731
28341
6306
26112
26602
17289
18104
11526
33958
11451
4575
8984
16876
1691
2533
5564
27366
12918
23666
31553
7922
6375
16098
5581
5132
23649
11392
30538
14936
16442
7385
15573
592
5216
3949
20523
23791
8356
2322
3966
18661
8861
1200
3210
13158
7522
11304
810
7039
10665
22772
22015
8923
6846
1876
27552
13473
12477
1648
1317
6305
29718
2894
14027
7490
1723
20105
21415
12758
7932
6302
17251
17183
25744
2870
5686
27094
16287
11721
5986
30761
13177
25611
1764
8475
13510
9605
21952
12738
14789
24294
21856
15789
28314
10796
8067
9359
14657
10807
7545
14702
30362
5032
12283
7995
16863
3430
4812
6874
7805
5451
7518
9641
16103
5191
3184
8850
8140
12550
94
16498
11024
2880
26415
21119
4044
4417
12522
16475
7083
28765
6157
17450
17473
13352
7811
13713
1810
7306
20960
3207
9203
16906
9277
2825
3077
11421
6068
2440
13579
5158
9644
13457
22755
10508
22700
12433
4097
24095
26388
7080
12504
3920
7556
4639
4109
12047
10911
14938
25753
30895
14574
6549
6198
5115
11079
14833
27098
13095
870
8854
5402
26503
3020
27284
12447
9620
11790
30800
13594
10001
15256
2888
13452
2348
19743
6252
21588
2295
20205
14833
4171
2795
12780
2602
15067
5749
24927
6084
18676
30170
8106
9436
23728
12283
25511
17554
19144
32410
5805
12538
7052
17182
1541
21682
2339
1134
22734
10704
5837
30191
3889
299
18396
2246
11011
5909
16048
12149
26138
16309
10209
9911
7121
22533
11008
3835
17566
2219
21819
2266
8471
19941
24671
32283
11498
5759
908
2500
4875
7038
14976
3124
29410
2780
818
2835
951
9989
9452
19328
5457
13390
70
27197
27204
2770
9252
7399
4574
4418
13958
6198
3171
21858
6218
2162
6817
26874
30881
14442
12746
16076
25288
2798
17158
17099
13387
25992
10919
5870
8041
13808
2991
15822
226
6501
2832
16265
23380
1810
30941
19355
3452
11206
10067
8415
3325
12360
3146
5525
12345
35181
2038
14162
3831
25001
8550
17615
5779
28939
24338
19935
6186
5824
2418
2418
14267
14786
8054
9071
5063
33650
15708
7707
7756
18742
14672
19328
30471
18926
23843
18025
25825
24108
25460
14621
6298
16518
16234
17075
37441
13270
25793
16680
27091
16439
17754
26795
3535
3149
10622
19470
769
298
25
15817
2987
35654
4603
26089
29763
6546
14277
10541
5151
22637
8189
11476
13092
6336
18230
21309
3807
1026
20747
20276
5994
4772
14988
18917
32596
28790
15176
24090
18359
16721
29999
5241
5162
3466
43
115
19006
4525
4679
16646
13890
10303
1589
32811
4380
34814
10821
16064
4938
16448
16610
2440
9090
2622
20320
8668
29565
1814
27806
4954
24752
4895
3055
20362
15351
26826
17175
27530
2816
1699
9617
15332
2388
31714
11537
6162
2989
7726
16158
10063
3571
4513
16558
9417
20831
12330
36314
24250
18300
14163
2993
30172
9581
4574
19793
15879
20348
14938
15348
11109
23776
17380
1271
1400
6061
11835
34612
5340
362
9669
23653
19179
13245
23378
24091
9316
6498
21759
3356
328
16410
30340
5863
29085
7626
4962
20796
6914
1170
4194
4702
6176
895
21133
2884
12136
7748
19888
21218
36618
4318
11685
24624
17753
26180
17356
15762
12551
7427
5197
10914
18631
14982
23731
27672
8207
3442
19700
8722
18486
845
11076
10967
24352
6330
25612
21367
12254
4648
6145
21864
5650
31320
2733
12740
36581
175
1293
10340
1405
2392
97
11974
18415
641
5130
30853
16107
5433
27343
13591
33190
4568
5654
14168
3799
33669
13307
9217
22050
10387
1746
21572
22509
15003
2157
10096
12113
1204
4285
26550
12106
1936
11706
8146
21804
8299
3009
17730
3901
4212
9904
6100
35333
25486
8830
16649
14921
5881
7641
11508
12576
7552
16524
6969
11629
10042
33379
8277
10274
16263
21653
17686
9529
36211
30929
19770
10806
19802
5854
10920
18150
8699
17953
9465
10292
6102
18899
20671
12828
24809
13734
2678
19506
9325
758
5478
11071
5746
26027
13954
9653
12974
20830
20853
5154
9156
20528
22749
25334
4916
21648
17502
5714
2309
6162
22649
3297
4670
7608
558
1746
1437
11019
19508
1834
11850
4558
7509
15103
4769
10275
3024
18662
20185
7747
24323
1846
22724
4382
4069
24429
7633
32754
10075
13824
2650
5266
24418
14634
1976
25228
11919
15497
1315
4640
11207
9278
3805
4799
1019
1878
24762
33263
15652
20418
14187
1417
2866
11362
9183
17468
4342
6204
11585
8625
8488
8980
22493
24865
1940
12060
8739
15109
19323
13786
20787
7082
18045
33353
1575
2950
11740
8245
29563
27516
1909
10676
4788
2768
7349
4194
4084
14001
4284
35614
8443
33004
29033
5232
3664
19984
9989
23554
15984
11309
19253
2173
32010
8305
10868
22037
15966
1473
5293
14491
1361
7299
1301
13523
14500
25277
1464
16503
21945
2429
1805
2029
7400
16338
3709
15589
5905
24401
233
26934
17082
110
3625
7372
11671
8938
10119
12613
9491
18150
29207
4834
15505
4866
8384
11183
9235
16837
27279
4996
16385
2558
13615
2275
3821
17945
23076
11148
15863
18308
33020
1148
26322
13113
4393
11044
29261
6655
1673
6123
1695
8806
31084
546
665
13626
4681
5046
17839
5449
447
9722
6184
20965
1235
4443
16930
9715
6470
3187
9642
7778
11611
28141
13178
33462
10286
32270
3885
11000
23779
13335
13816
7390
26858
11792
5074
17144
3456
26552
30213
3822
25990
17532
16935
31714
1368
5694
1215
5784
2550
10993
2907
23294
19042
4455
28215
11867
1088
20427
5714
172
17477
11434
22256
13481
23141
33735
461
29808
4705
33001
21552
27686
8305
8624
8297
20496
33467
15003
4473
2148
6358
2664
13180
7200
12188
4121
28037
27161
2899
4359
5592
21281
17267
6301
5435
10990
3307
24367
12180
1368
19612
19612
5430
3378
22070
13838
14508
15924
32737
5764
21961
1891
7686
27763
10952
24501
2905
2732
24682
2537
11623
29135
12700
20597
6012
24723
1188
12240
30162
2447
17186
9847
23925
23559
6877
14704
20134
1053
125
11393
17028
10699
8434
17564
3990
18689
5302
5122
281
1910
1421
23854
18558
22017
9390
16489
28993
10683
29843
20852
8617
7011
26139
13595
1049
12104
20155
17330
6328
2281
22055
16544
9
26712
1481
16700
30587
9854
9094
1697
14324
2041
28576
5589
9023
26141
10567
6160
30331
7740
10230
17779
26571
10356
8553
4244
28019
7120
6909
14429
27403
5541
13286
12653
31613
12209
16809
3209
32188
16093
1745
6060
26581
24240
6236
15709
23638
17334
3783
1796
14698
1394
13472
14162
6250
2201
6227
4818
18100
30853
15872
2537
24851
30953
22910
3328
25802
10008
16959
10548
1516
30121
2927
7463
14692
5310
13726
26843
19963
20610
15900
5728
7725
4181
10500
5421
25155
11731
24886
22435
3201
18943
4691
4423
20587
33918
13286
2447
26231
35105
9273
26444
18847
16887
20073
14006
8129
4604
971
11522
28808
14036
4686
22059
19308
19680
14044
7139
5840
25350
1805
485
26101
24561
4558
5333
17598
14740
20645
2813
31697
2799
14713
8214
12825
605
29550
1958
3738
35072
9947
14660
2358
11756
28094
9124
4073
23851
24672
26866
19512
16151
12687
2209
12447
10119
16347
12881
12849
18427
3999
7951
16342
2847
23973
851
36278
18021
23936
27522
3978
18249
14691
19623
27606
35466
14217
4273
25065
1479
3124
4327
14250
8253
1815
17629
8172
2150
183
4272
5366
8005
22708
1818
15628
16746
4747
11046
12278
19654
3499
19946
4319
16406
176
2736
30589
12621
33048
8606
3873
20263
29834
12718
4494
35936
506
24943
13769
14579
11277
11782
2137
19319
14952
10510
464
20622
16911
17567
7
18777
3979
11155
7818
2947
20882
13265
421
9758
6977
33262
30151
14275
2604
7973
6674
1600
7155
16870
22597
23610
1520
7178
283
4925
32736
3952
3932
15542
2570
23627
70
4121
1516
724
10090
6220
2469
2370
23912
12089
13636
24360
10757
21394
14726
11539
18004
13214
9098
8871
21868
17371
13801
6706
13961
2577
18427
12427
22964
33309
29471
29547
2449
5186
14325
2078
3462
12790
9708
344
2171
22631
10470
263
2523
2619
30942
19451
32850
9682
32000
25253
9730
2955
23692
247
11553
5250
4845
31283
10901
21292
1226
9506
19267
13884
480
3125
9712
11960
11292
17269
4543
9629
656
2465
6491
1323
9360
9450
20178
679
32682
239
3978
6052
6702
1562
14303
15746
13529
21471
10716
23810
30728
467
28493
8359
31492
9263
28746
3636
31331
2526
25472
9612
35856
17260
2839
15843
16623
3755
10961
2651
1250
325
1730
1883
4113
1029
677
5922
4387
4844
2599
12484
4179
2475
10432
14087
23941
4211
146
7928
7017
9836
19664
9238
13040
3159
4338
4892
6787
15383
9371
22498
25765
14429
12795
13750
905
8082
29939
12107
6408
6530
12952
9475
22769
5663
32030
6162
12911
1834
19422
25299
7383
5305
2158
12695
29506
10174
30921
3652
9902
12608
6183
12242
2617
16371
13516
12820
3274
14372
12299
2422
16444
19906
11226
2762
2986
4356
23290
14289
16531
23200
13784
552
10809
8524
14599
12066
252
27906
27115
22160
23182
15226
4643
36475
6328
28742
11550
23133
21468
33218
9266
15837
2967
28826
1860
16138
31982
2112
7050
15258
1301
4070
25433
7317
16922
13814
11206
16628
10735
9499
14316
28167
582
5005
11347
4053
5640
10591
1416
4434
18520
1897
18994
7751
13229
8321
18096
3476
12334
8920
7519
8102
5482
18568
18605
5224
5315
28881
8601
20081
31734
11551
13542
7570
21454
70
16775
1398
7785
6758
5496
7933
10710
21734
12957
13382
15172
2709
28375
2321
6691
5598
7212
22482
16756
10115
17524
10349
9469
19724
623
12054
730
21656
6722
26245
10838
8874
7507
17110
16652
14597
5332
14902
20020
3108
9730
9251
1569
13909
30483
18888
132
15410
10968
10497
20588
4661
19349
2205
1212
13444
3123
15644
16585
5280
10455
14875
13035
27940
7737
11093
239
16898
18120
21793
13351
55
11712
22413
10848
12811
15824
784
6372
20536
678
32011
2493
6116
6166
23626
18655
9220
9667
20381
7283
17823
25942
18133
2694
26045
16483
5504
25315
652
35779
22160
9689
20050
9931
9234
12369
11291
15354
12706
18357
15708
346
27229
6585
9886
22903
19138
16656
4473
6257
19707
26975
978
17214
12384
3868
12116
11920
4798
530
5213
5466
24759
6032
1046
20973
4836
11420
8663
6438
9908
7075
3642
27185
21260
8731
29757
2508
33589
1953
8373
9372
16805
27366
25536
4876
3754
26485
5630
28111
21053
21099
19907
23693
11246
33953
10709
13171
18881
27251
25343
648
18456
7279
27996
9129
1127
7831
12014
22558
30700
16442
11228
13693
12981
10215
15605
8965
13761
1178
1691
15592
22886
18214
2681
14267
2019
2166
923
11185
31690
1435
17321
7754
12429
15211
2277
16318
19980
33719
1973
6363
3127
13592
7951
22483
26659
19784
659
25314
28431
10424
13131
3476
14263
6423
23098
14152
135
18790
10531
6195
20937
8722
2117
4826
20332
1965
10940
25102
3593
1701
669
2421
20801
4426
21066
301
8002
9536
22596
7399
12713
982
27767
1781
1497
7875
9377
21614
11735
27216
11070
5319
24521
17263
7798
4266
3752
4540
5289
30369
9400
3991
31481
17635
10463
18262
7351
22431
24995
29963
17401
24525
32034
9083
12554
5455
17627
16111
22614
1272
22630
23779
1295
13513
6696
7416
26647
21366
19396
2098
24919
5526
14795
3374
5192
25047
28542
30633
17190
6413
9127
8984
565
11693
1846
32271
16731
25406
792
16827
7346
2833
6349
17215
771
13939
33698
25562
7546
3976
16720
8119
28400
19434
270
8921
28537
224
23895
8512
11783
27269
3697
19033
23854
10875
10888
19137
2889
13703
17579
5629
14549
10959
3724
12758
12646
1346
19387
19502
36622
15928
8283
3347
33676
13319
7826
21761
8035
541
6259
2448
19866
11910
14069
6653
8116
17879
10465
17786
20287
12970
12524
12264
9826
3652
24545
13474
26820
6780
5149
10042
13079
19799
13868
14872
4128
3282
4854
4525
18419
2925
6965
15644
4799
18600
14513
4038
10048
27997
12119
21415
28103
108
30351
7309
23160
2664
709
7084
7073
21886
13010
29924
13449
14362
2118
27271
831
2803
9470
3556
17293
265
8968
7764
2143
9285
2792
16244
19468
28196
27986
4869
30625
19159
35918
16747
12976
23494
19437
8632
5689
8110
20706
22161
2244
8181
8121
5152
1810
5976
1212
20469
35437
28757
3599
17941
1400
24448
17411
11414
4730
1796
1724
1748
9292
21816
15290
1699
425
4827
21099
19953
18358
10006
14394
8804
23152
6127
1431
9295
12544
2544
21213
26597
6127
26570
9879
13843
15020
4558
13487
18229
16374
3994
12269
14429
9880
20829
14846
1683
11713
17665
7266
3806
1418
27
4359
18980
30092
26757
5524
13836
407
34603
18273
9176
10185
400
20966
141
11550
7064
20078
9960
12179
22062
6231
21748
25611
32019
31570
20814
3341
964
6601
16830
8421
9850
3321
2602
36205
15627
21376
4688
21155
837
18432
10594
5032
12379
15236
17163
11702
15997
5514
8004
3853
13895
4858
28719
5189
34912
20197
18650
19484
11404
11151
68
9322
32202
521
16163
19251
983
32061
14901
14692
13813
15586
4369
24380
365
4558
6493
28929
17482
460
19294
18568
21153
1182
20466
20335
3777
18419
746
21965
9333
9578
19442
17606
31278
9886
5378
3230
5648
1759
22125
25748
24490
5279
7443
2636
5917
7696
17281
10594
26467
1865
34600
13090
770
7656
3390
9114
10597
8402
7705
9424
12951
13862
13849
30917
27057
6384
13417
2395
4416
4466
13695
25496
10640
3328
12738
17501
8059
19026
6896
14510
4034
19436
13353
36434
530
10683
21957
8143
8791
22674
5479
12072
1533
13920
22186
10871
688
29194
18280
23073
15339
7169
19787
2342
31079
24055
15124
7891
6381
2007
16807
12623
12267
19343
6551
9814
9207
12230
7145
11753
9144
21325
7223
7669
4540
7526
6461
1161
628
22959
4008
10768
15184
11634
9063
9803
571
5036
13332
26970
13834
25381
511
2937
11852
10581
25483
4433
10999
19067
12851
13228
7006
14930
4109
20885
23494
12849
12665
7147
24842
5604
1135
939
5219
19657
1878
18339
8833
5248
10467
22223
9808
15967
324
6125
8334
1655
16179
6130
6020
5135
13303
12954
7408
7431
8900
15998
14254
2966
5309
1362
18556
3140
11992
18672
8312
18613
10258
6096
3895
18837
17521
3389
8601
25814
9937
18001
18088
12057
7777
27677
12483
7209
20022
11246
3093
602
3193
1937
21132
32701
5296
6927
4961
20205
16680
2210
4223
2370
5438
13488
29919
29397
31093
8993
371
22105
3194
703
18471
5984
10805
993
3221
20143
739
33837
26020
3149
11507
16175
30714
23347
13368
4694
11561
5627
7929
15528
3648
14132
20938
11062
21865
13567
14360
24197
4784
23159
12222
12762
4520
10944
12584
6375
14854
16283
4296
27405
7869
18403
27570
31702
5094
7436
269
19372
173
22241
7336
29230
19068
1479
18288
15518
1269
1686
25739
25502
11552
21340
5916
3025
5535
2050
3296
8312
631
30918
1891
124
5589
281
14130
875
12238
3368
8285
631
10183
2092
8300
20574
10679
5561
14568
2134
18164
4541
3745
1927
14347
15922
20519
1342
28540
847
5798
19593
14825
16217
2774
5531
9669
17964
7087
1897
12779
6815
17831
27799
20421
9525
8081
7778
7246
8189
29418
29255
1118
22099
4257
3567
12375
17332
4229
2085
494
11233
7271
7919
8412
694
855
3922
1532
1388
3082
11354
3963
4251
19978
37235
2097
30917
11218
22135
8721
38039
8433
7884
32798
8697
22523
12949
27845
4627
8780
19124
8452
3260
3020
12924
928
2113
16813
4788
112
6551
14696
32920
1112
12593
21054
17994
4375
24722
6300
12599
8939
19136
28014
29760
14322
5346
17890
7743
7643
11491
4930
17341
32268
19226
29833
8784
10920
6690
17953
20558
5695
27474
958
13206
19875
12404
214
10425
3768
12181
34435
32069
9093
12860
7189
1603
6954
3272
19706
25431
27908
369
28967
25120
9968
24629
496
2168
7571
4487
2661
10170
19099
279
12894
24747
1248
4794
25601
36619
3590
20726
14081
2320
2139
815
11024
7907
10425
7136
12844
32899
5063
5568
7156
15782
23456
14723
22791
7991
3867
5370
8132
4245
3757
10958
11805
19410
11717
14149
6345
20488
18138
29568
1349
18615
351
8080
25841
1953
11365
10680
3884
7810
6004
10674
2897
4716
5295
12204
1474
9326
21474
9967
16136
8971
15163
28317
20610
23410
6408
2542
2529
4051
7613
19828
23053
11196
2848
6043
26962
6046
6998
9055
9836
2033
5414
8899
36972
16340
12655
3428
13101
2644
318
17686
10062
10353
13431
8717
11634
419
13445
2370
7141
33950
14891
34751
24773
10881
6265
5774
12488
25772
15812
1016
29277
7641
14464
23008
2030
21641
24269
7802
13913
7028
22603
24295
9255
13478
16473
26677
3176
4809
1017
8305
28394
22236
13646
1298
25261
16013
3418
17418
5020
15138
22000
31401
24194
32688
6154
8021
14557
20964
1427
5855
24994
9307
5315
9551
6075
21688
16067
29372
19224
5835
6751
8798
13994
15353
15592
34458
10540
15869
10807
4421
3771
6585
3545
14243
20812
29511
24127
12645
12891
2738
9412
21077
9966
12416
19724
13902
11321
4740
14935
2316
10234
21781
3082
3457
321
3297
4220
10482
24376
24545
15633
10968
31528
22777
19985
4939
3883
2734
25948
265
23055
24188
22082
4969
30930
12709
16838
2197
1019
16789
15169
11528
7249
7248
3379
12375
5354
2342
20004
8241
4158
4512
18446
21131
35758
31198
8881
671
5049
3276
16685
4891
4372
12960
28771
9219
15589
7657
6609
15847
13823
14512
5121
8228
5467
15502
4331
2857
3541
602
12830
31929
104
1237
22244
5612
9012
9254
8770
4833
27028
12460
18435
2585
19118
10149
9806
8051
23310
31977
30172
20802
2015
14310
5765
41
15255
11125
6180
12724
3300
3933
13191
13786
12508
15753
20108
18891
4469
16307
8498
9296
5064
30509
413
3069
25727
3797
1697
26342
15547
18858
6757
5481
8057
4815
30746
16374
25691
21042
1299
13536
3354
19705
4386
5694
7088
12972
13456
8070
3797
1957
1483
71
3715
2574
21451
16117
5786
10169
668
2171
24760
597
4861
13297
5281
5731
15407
14664
31554
22822
31916
5058
19056
16124
16487
11378
13329
1114
6770
16840
4808
3601
23754
15531
18736
4493
5134
28665
2316
11279
23250
2820
4624
27539
7697
2021
1444
1912
7625
11626
15624
5905
691
9085
18184
5489
26236
7202
20874
12889
21437
2070
18107
3600
20052
10175
16016
15620
11
19800
15178
2758
28075
17580
25542
25332
22534
12135
14994
18037
19617
9468
16390
9279
9293
21121
19826
18056
1955
10644
18842
12025
12385
9479
5722
21308
24318
11876
21935
3040
4987
11167
10956
17361
1251
4235
3014
18436
28470
11781
26735
21803
16043
6338
465
10780
11764
25678
4786
25006
22035
520
30342
18764
27991
10380
17932
13253
6195
11097
14787
9520
25790
8348
1757
3394
19868
1236
9903
22651
10147
10940
3788
734
8212
11683
16578
11633
8583
30197
22430
4636
2079
6248
29578
16281
32821
26880
26883
21824
192
16002
9024
33548
4289
14373
18876
11106
7797
1166
5814
21552
1910
29274
633
16657
418
14250
1824
2316
24409
8767
17612
7460
22440
29526
20174
28856
5197
10546
13319
20726
34914
11910
9109
16598
27754
27517
11028
18228
16847
7116
19943
6845
7155
1093
935
18608
13117
12319
22836
1410
24294
27642
667
5671
20766
3374
17367
7108
15698
5655
2666
8802
20484
5673
4415
34730
1446
15419
2989
12067
1194
8236
26728
13274
16450
29723
619
31631
6912
5702
7189
1692
2072
18431
23972
399
2306
23732
8059
12112
11449
7696
6881
24585
10892
28866
5821
1243
7395
8063
12583
19229
7227
19113
741
4594
12548
5340
28160
21580
907
2355
20822
30726
5557
18502
14087
11241
14795
401
10469
21581
10750
9676
1155
181
3748
3155
4953
12545
9478
8259
2576
18145
4341
2195
914
13798
22013
26164
36853
1105
11150
3135
29279
25553
7725
29992
19045
1940
16857
23324
16616
3211
17685
15732
8764
14894
11937
1091
6069
9665
16952
31728
8430
10625
11179
5878
14172
29238
25697
4819
13525
2913
33113
19110
19638
11288
15229
16870
14897
5065
1590
4891
26540
12283
2151
7970
23894
4474
15855
6851
3811
1107
22164
15091
10516
20487
8439
18042
11347
13216
22829
14153
2727
21880
611
9256
26693
14680
30454
13483
3744
6903
5307
20651
11623
11507
19786
14146
17774
14295
5868
22925
1187
16315
14138
18604
17614
13667
1044
11091
20010
3409
15958
10136
2731
18731
546
13455
9832
27361
8911
6145
17865
1174
14484
9392
8148
4387
5530
6115
3014
131
11507
5527
14600
21469
19500
18927
8361
16301
2355
12446
8146
12943
16197
438
1732
10777
17038
11731
4027
7673
4412
17379
11534
17391
4265
2486
26569
8610
34198
2354
23572
15919
995
4238
15660
27871
23037
8759
14878
25802
15469
33828
10462
18548
4758
17086
21330
17994
30452
18150
21440
4758
1899
26052
125
4164
7946
23903
7480
669
1118
26269
13408
13158
1301
4363
5257
2842
468
18783
247
7783
19984
10581
8354
410
5237
19477
4997
8097
6553
7476
13710
28909
1227
6459
13184
26549
7155
12857
502
3576
699
7498
22536
17921
14627
11156
9762
12549
12304
17833
31589
13203
8256
22545
1850
12153
12446
7269
15652
21284
6848
5570
25196
2873
13322
7251
12442
18334
5300
7593
15085
6142
24044
407
18202
8165
5146
5196
34244
10098
2103
798
3810
4092
16460
33039
20020
5365
10064
15204
9619
10995
3377
18900
17110
11889
8578
20093
5318
9116
4723
21358
12439
9328
18669
5176
20724
256
1488
4918
24867
23192
3313
19270
19534
9770
1149
26837
4177
71
5384
17674
26922
9245
5919
2444
5466
1393
27314
10778
3534
7187
1622
8488
3403
8038
5347
36309
8177
15216
8758
19325
9591
31197
5051
7571
10017
26801
478
15238
8830
19475
9127
6347
32073
6913
33214
11428
15215
22871
22597
8096
16330
9306
19726
5206
1585
783
15886
7761
26896
28259
22721
369
606
20453
19177
1807
17136
4324
2864
10914
11723
13505
9774
10510
16894
12354
6835
30698
23874
21749
12627
14242
19739
16075
19527
2296
2425
6126
9819
6608
2486
21391
2349
7939
16312
11015
18107
12385
15947
8919
2610
13107
7980
34023
4137
6939
474
1837
14274
1768
1356
11642
20388
29715
6950
7036
836
4516
3855
32170
7640
24497
1491
813
24728
11546
10770
5185
17409
5244
12339
3461
3430
12870
26771
6042
7783
19940
14260
10324
8773
1197
7763
5743
3271
12762
22201
1707
7012
3777
6223
15788
1088
14855
8094
25424
12828
3192
24663
9043
10277
9438
9942
14763
24710
16447
13421
13334
16188
7937
1552
15813
17270
410
6883
8061
6556
19872
4689
7542
14059
1623
4680
30230
15458
2864
25349
5820
5484
357
21517
15969
16512
23410
1911
20091
9365
1308
515
21970
6060
7073
30675
7487
17847
1671
4170
16452
16238
6287
15033
18110
262
24924
12090
1241
4751
2187
228
10381
12402
6863
1527
2444
25816
6427
8872
18306
3007
4725
29693
8407
34828
1434
11503
5051
20416
15673
24981
12228
17882
7810
8474
4882
4332
8074
22119
21892
2041
9503
18372
6988
15954
30331
7696
3752
22400
22188
25624
12877
3118
4063
13042
23710
16351
17723
6236
982
6967
5661
6914
15402
7727
5087
7643
29887
14025
12699
19488
22764
15882
6931
5029
20263
5763
24250
11963
4423
17597
400
9057
1406
6330
19745
11193
5954
12016
11330
1572
278
11294
4543
13508
6255
34782
24339
4442
18715
17547
31828
28305
22542
10870
34440
14599
24498
15677
24998
5143
3563
33750
106
499
28502
17950
18366
22527
35408
2509
9999
20687
19650
9292
31859
29161
22197
5760
13008
16194
23243
20676
9080
8124
811
8929
21524
4788
22476
12374
7611
8232
20366
7205
19347
450
1199
8606
319
35164
8075
5723
1932
14589
2494
4963
27906
2423
7856
14240
1491
19072
2845
4999
8630
14839
12877
19355
31595
1792
9422
23011
22928
20437
15789
9302
18795
7027
3054
13443
833
20575
4484
14841
2679
724
9736
26244
14975
32694
2926
22544
29394
4255
8075
1716
17638
20171
21617
10579
7078
29682
9754
17023
20933
4417
1040
13867
5754
9921
13783
1518
16435
9473
11205
759
19808
9814
1205
7175
402
30529
6442
9849
12806
8314
24214
15345
22246
5025
8034
8759
28845
27339
8048
27032
1461
17574
18866
5984
4256
7531
10399
3588
14631
19002
1215
6322
21871
13131
1704
14474
13281
28810
7190
9768
29487
6236
22834
2814
17270
2170
10102
3498
16221
10337
10620
9533
3207
12550
7592
18978
11333
6145
9045
536
6157
29941
6576
4328
27366
2011
581
6099
13713
7710
12068
17090
2306
11771
25611
283
3411
10928
24513
13276
308
34916
24453
14661
9775
18429
3669
10973
766
29226
4942
2517
7416
522
18492
7790
22858
1844
4168
6640
21226
21978
26165
4779
30323
9732
23991
18725
455
4366
24621
10740
4290
1874
1192
13790
2314
9335
25325
12213
19749
25048
6038
10199
3974
8881
4754
11426
16698
4044
15458
1706
24956
25035
21746
3089
2870
9617
6826
12371
13395
2968
14410
6317
24626
305
15734
18302
671
412
18598
9114
9445
9387
15529
7064
20460
15234
2215
6339
18928
12325
6597
4872
4454
29220
8665
12907
17629
2885
1398
12216
26892
3133
5984
4293
1975
3617
31897
22232
8643
26276
20659
13761
19463
3935
2013
10198
19227
13555
19501
19890
25414
24932
23822
15718
13761
24703
6888
15266
15088
11306
2285
12000
19118
1209
22874
2499
11669
15375
10434
7209
18672
10088
29042
30066
10943
12214
2572
20634
19605
3606
4861
1449
2416
10835
12211
26416
27925
19037
13750
7637
1588
4607
19184
13756
8539
12217
8426
12155
7547
178
5129
9795
3591
3534
4634
14380
20359
17918
4073
5188
30334
7626
12170
2423
20981
4972
21228
6450
28923
17527
4637
13061
10821
2674
10779
6347
17981
13897
8354
31094
843
17429
8755
25547
6015
7900
6321
7883
10533
5485
15297
17704
10592
5566
2827
5553
9521
10474
5708
11566
13156
13992
8491
7587
7329
31622
2081
3314
8951
9787
13475
291
8890
13906
1715
20754
8897
30211
8920
1424
7690
8994
7074
9280
21488
33782
1545
329
14718
26772
18951
7680
15803
22404
10168
17151
5539
25935
28781
22286
27915
342
18237
6497
3925
4221
5829
11305
8270
8948
4818
10289
29631
2919
28262
4250
4934
6420
10912
6453
12230
23695
6569
5234
12737
8493
3620
7863
8750
1131
24497
3619
13797
14283
3063
18819
13381
10223
9429
11799
15871
5002
9855
21962
4078
24887
21795
3803
22546
13584
1017
11380
14882
24415
2762
4453
14405
11379
750
4399
7538
27819
14623
1764
7811
4745
19655
9567
20117
8246
17745
3894
7144
30833
17358
6173
9260
4345
17074
7073
1235
3549
9750
3325
10119
16529
2688
13116
6517
8440
13397
28819
1914
16
4163
32862
9154
9276
22189
20053
29036
4103
10333
19083
5110
33838
4761
2342
6293
7375
9087
16580
2321
34921
821
1520
6485
20495
13183
7685
12704
16381
3542
23878
1020
2778
11677
14785
1264
12157
9119
9225
12534
9009
28723
14982
28820
82
31021
4242
9238
11366
17355
14324
4564
27800
20931
11424
8919
1805
5325
10136
2444
33501
12739
5771
27380
2102
7298
5306
28797
13725
4993
11000
23399
323
7400
11951
9426
6651
23490
7366
19061
15886
5768
9729
6396
15122
16050
114
6187
20703
12702
24100
24489
15767
16338
28448
360
18151
549
157
16358
10539
3885
10788
12031
581
6626
5515
12043
16364
8463
7470
2713
15805
3724
1814
20325
2865
10862
32799
6211
17053
5658
22487
1307
31878
12180
34583
4780
22489
4406
13443
14237
6420
11335
13205
28628
21870
26259
35078
20577
67
4487
10163
4076
16574
2312
12507
1177
10698
3298
5816
20882
3183
21407
13349
760
7917
13341
22445
578
13540
3657
6219
3433
29052
4002
24754
21362
14696
4603
7796
17710
5918
20848
14356
1199
9769
15452
8768
19845
3431
4962
13722
1915
12624
3848
18004
24782
10023
36711
23384
17377
5145
14760
9443
7455
25748
3793
280
9654
12737
12270
12830
5751
17787
17743
2234
28670
13308
11372
