253671
435196
674610
49198
483670
140520
550492
210899
493336
450815
49601
623471
180602
410006
197983
188504
467945
30198
109477
229248
570872
259799
138977
130269
257615
603743
164069
694582
18712
51538
885645
299688
455374
369957
200512
508682
99822
334657
79638
553355
140902
238786
283354
248773
864033
681076
125314
703852
324060
367161
134365
843327
317937
239550
77157
170323
47461
25907
235854
292617
864507
367259
302919
254779
281138
143410
328548
321582
165509
731241
244282
321140
282917
28521
626024
337414
257825
288828
166104
158746
442229
250180
101407
288767
541228
251150
464831
767701
235804
256740
858523
338864
224085
671340
232728
149511
474928
93486
747536
708986
73788
622239
170270
245725
374652
33709
339889
500221
173161
334129
33968
542016
53440
308703
521583
322271
920546
943569
401729
487683
300364
487264
182501
895875
356822
581785
157671
450315
19117
375982
604178
129680
80599
152139
491723
710545
847076
395117
633332
755618
201297
17994
188637
4505
138408
327005
6915
33139
242396
35968
115244
531848
643666
59503
574320
114643
256585
298741
836359
31408
268943
717462
475469
668183
30158
206487
644572
254786
41069
22280
607519
474719
552676
144520
2238
109777
109998
305025
244789
382735
25802
512967
480191
706530
40469
106234
75971
171741
710258
114232
309143
139820
89704
317214
644689
815059
269261
174229
184326
44052
192723
310834
24372
159153
620971
585772
13868
305284
47294
42587
290640
675682
485567
280589
157856
62377
486718
346183
347603
367934
486021
361640
210108
21865
550688
295578
34932
36386
170376
45994
52812
239417
152068
323039
66568
278868
304462
539750
522398
232551
71715
351461
292330
308122
242234
264016
40041
98804
636074
54701
194964
563153
269056
517614
923305
742451
104526
475606
273949
393731
598985
447005
361437
69147
513823
215669
197781
163348
29567
107273
433439
204206
349275
37664
367587
382618
240971
259365
546769
299075
576922
841838
95784
152908
52527
237918
158439
132342
19404
284839
55864
95701
220328
542094
949151
65321
345278
265364
695662
417675
480240
248165
190946
206846
13684
692040
668681
13677
579286
771174
583087
462461
109220
163368
375412
244345
141962
186992
517106
208436
370307
217098
275015
88086
720269
507815
187373
242305
293207
263946
560574
309309
587208
5109
604897
169332
729877
109779
403006
293563
137973
73022
560766
179913
496846
134616
131742
119089
594354
394132
130392
589395
429987
195566
865292
273195
529964
346643
120075
84132
373270
304590
215769
441063
247351
198973
619979
55621
417523
194009
23022
168416
391253
308917
513187
444977
244294
634928
872533
571170
550067
183475
475258
623766
388779
541491
85631
209077
149249
59391
523689
153149
333859
578062
658795
301486
393948
421528
52908
11420
92316
858365
402707
765581
658170
664831
675925
606691
157128
47503
348519
693579
69034
141416
128329
199280
128693
502659
497557
72795
444828
521073
43845
120910
398528
87806
337811
514427
160191
124493
743609
238453
360146
349374
508642
146695
243903
435576
47537
406349
3713
546308
32243
107246
507152
487185
540245
357901
8596
29058
356286
27051
143432
149111
5651
518565
586292
736736
258351
118935
638056
210071
766692
466052
349311
227218
202855
257401
46104
403018
320715
253949
321542
316278
382919
504677
300851
16240
360078
346033
10481
540263
503499
232151
223072
414812
75100
486685
60213
520483
100842
33752
397734
908676
278789
348142
72967
625596
920956
30656
229157
166923
782146
649971
701495
369491
660004
12792
102268
566802
145556
588685
10457
578453
495952
688113
253049
385838
759846
64900
142899
866489
470926
147506
220686
511569
244431
196008
356482
39496
310394
571276
485216
561899
651239
146348
219812
6458
574254
200028
510538
135536
76619
440055
412598
535273
154454
57937
88177
12592
756707
15292
57652
362880
69761
926453
378653
549539
393428
441528
55397
319625
200806
505309
132001
164102
938961
171913
816098
469393
770781
477320
109794
44903
59905
267061
143912
223442
236081
72291
12739
241406
202486
533585
573706
607365
166772
156072
6795
521859
781971
785782
31044
443264
391632
626748
250617
67162
936602
314884
614949
232600
89631
125979
214416
546767
32733
619036
88124
201467
153715
201480
849285
302690
464764
298441
132850
224549
578015
61462
823877
180528
750
668014
331043
128785
350416
226621
333915
340046
90354
468131
660289
88244
31818
795965
145334
17647
417312
905352
113223
986078
99631
181517
590342
573121
723721
75387
268164
68968
160113
277224
637802
530571
69279
407319
513573
710677
36389
562778
506256
313814
38524
22183
677736
605994
308325
735457
178246
495757
33815
95809
63448
218993
465449
43014
203148
520245
56357
890287
471914
303300
688834
45283
77268
614167
397296
173883
2445
794772
140477
472547
462637
94830
120752
331435
51266
107155
194877
364918
378764
275225
333275
845452
485584
656372
89541
148029
187626
220437
314068
47393
336637
79766
271480
937
77410
48879
261214
169390
177412
245699
499244
494402
274897
545092
267224
372970
159116
536852
208889
230106
127728
91057
268111
257075
50594
621581
155453
482624
274643
519361
836463
325805
82659
22505
751343
88886
509935
768717
505328
36013
538437
473544
53233
723387
399208
301703
233089
145297
295630
474170
177354
220368
141305
151541
272026
776805
323944
347660
619482
267962
186977
744553
891371
240994
61184
255633
898901
864369
272585
254817
377241
469933
740882
207181
237502
167254
82273
210579
657802
448520
487310
613431
571205
294019
101970
717634
350384
320956
107490
568985
146769
189192
407834
312853
260014
415005
550914
485394
488464
744631
470839
118817
280039
395089
45546
183100
170856
218332
192566
325920
452556
117467
371728
389552
725997
396709
404522
59479
96878
262670
529516
686287
376867
87395
364929
718776
44751
587073
657681
388985
627384
395734
460816
163738
278600
245412
715612
349918
109488
552196
237071
496378
552318
756413
335031
799903
271358
121966
222613
506484
287949
32891
116356
72462
320246
623723
73016
136265
162250
517225
698726
443210
88129
174045
347678
469349
627753
211589
711309
351013
217176
395327
644627
123143
8653
362419
324529
861785
161830
152798
370261
598896
27428
24467
113066
230237
833930
302181
72720
710182
49438
248980
507503
210518
443640
447637
263945
353205
125935
271508
109540
113751
159964
618415
86173
257864
508758
173801
456099
604286
110414
552611
67090
335756
600204
79480
337184
283962
12749
368276
188613
343680
27306
87074
19993
135386
150288
104041
731134
761848
285060
32582
507875
299682
120034
539593
704753
262586
535150
118010
110781
310589
291601
623832
65435
461296
108474
647157
64799
100900
548277
393490
622019
14492
526536
323760
230662
391306
454109
53764
496621
509926
644097
621689
462307
67295
112848
211153
378361
149953
196594
828767
634501
483624
133455
486401
528299
435558
547627
855328
388101
509708
81803
425502
174667
19082
158870
481803
793598
540132
814783
350136
769487
212601
325737
326907
165250
194552
310544
279674
215942
466749
594223
181582
566296
534823
91268
97027
657260
633964
720047
947677
418035
263378
688217
140252
495004
22123
351283
901695
577686
17508
379750
320359
555465
494706
407253
425458
192130
340522
137697
339719
689527
452483
589237
159983
449619
404607
496218
43550
563109
82413
305105
171739
219301
192745
288530
724109
84650
149017
399973
197168
227772
603109
198582
484041
561582
88759
185952
149453
84442
104408
238042
391501
424421
148723
95301
287519
180402
546835
35018
584833
372230
499280
102485
477670
750315
116402
204317
156501
309512
6252
558073
226142
588347
384229
106661
436896
121218
241132
199084
305184
177466
276839
570233
311356
67213
227471
57386
56398
538620
884689
236708
243885
297127
272239
174800
90524
339555
826459
12726
109503
157295
476355
19353
227960
389072
13685
186603
587667
317413
264498
524042
580237
582461
263056
266654
543322
238230
601170
768593
972390
807787
373242
204927
593710
572721
599966
518872
713799
314683
481288
322319
848927
210165
231891
531538
107534
803364
138025
494283
154866
454243
429961
395740
226648
386169
240594
106313
62325
125859
188081
432042
584866
494621
11557
281165
393452
81967
42631
449668
426642
940059
69752
401671
445175
295466
414195
202365
309120
168862
245610
90725
695227
636692
376404
120784
332800
476382
246604
260464
141677
800248
969355
35646
874959
410461
433272
260532
662950
687173
221386
365000
564226
135634
447428
127772
74936
373116
1194
444030
170233
637746
634091
201203
5134
404137
33464
553399
468403
182874
40880
621912
512316
65620
369367
69487
333979
205328
96159
848688
102688
17420
431144
374947
466935
152475
122863
396051
185075
376798
584375
401078
119247
126433
387447
348187
387651
12234
282551
357188
541638
139717
88466
290329
386039
737345
18712
331690
61655
417848
127110
135162
329764
456910
447591
492091
530114
163273
119651
273423
99623
223266
449256
964390
20342
39170
655353
182014
100361
183372
198046
630509
124982
253648
484285
195706
161984
380107
63687
358506
355421
549905
909761
238827
33204
105804
222496
159247
399282
215819
26193
500791
351964
159180
18082
156071
439065
217721
799099
486580
417027
763152
90698
391146
118758
386231
231100
159431
331994
5132
16965
851869
340480
80976
796211
650799
397759
526529
148645
638294
522
217233
877653
327906
278462
18719
47299
103265
44077
41320
170262
754
239630
575695
188531
567868
15726
270508
42575
300554
143297
182890
85398
251633
62967
645170
508786
248555
348712
39556
330887
200114
154204
162670
360256
252117
21742
380149
167953
452805
683247
882720
854988
449338
621507
93978
163539
266747
576731
224349
22351
124452
452297
131451
496348
343272
77661
522912
353262
418881
41456
281416
669119
107383
621526
613944
97252
91993
383319
189100
664205
157425
567656
415564
241252
357218
960434
194815
450250
813167
499510
131984
844222
263319
509322
238361
679841
42985
147704
497491
83573
661680
315295
353875
511119
328876
54175
60848
298626
117730
145898
488895
640724
246334
70877
617946
184543
213405
287564
397553
19917
205360
303357
15710
532548
434873
825141
211042
84028
424256
345229
521648
97715
243437
279716
283976
251945
556937
367499
689372
166161
14735
381230
136679
329715
213398
194656
371326
493531
534019
446284
355526
395677
749236
251803
527917
621074
438360
90316
176663
566150
564920
41784
536263
87474
587753
57845
13750
61449
93969
844183
73407
349680
422617
461864
62047
406768
18458
271616
407157
337103
429484
86863
257914
117138
275063
514976
515212
52696
286633
573230
356628
687922
165939
555153
626966
558349
275121
24609
192832
9079
85034
511498
357310
391657
213586
3942
290508
205874
180669
109494
543610
646778
562184
286868
31585
164646
14774
163455
397580
5539
102126
343514
488889
550026
27276
421278
143752
601629
332242
143964
851867
863042
18447
185920
871680
35970
640949
700565
289422
94991
601532
37601
163716
436325
763096
154308
210187
254845
66192
200553
789273
133206
222348
1221
447340
736413
461380
168842
235869
59599
39846
460759
705185
167193
357780
225324
520828
694834
501067
646023
236184
262608
704462
546112
304728
211463
524269
488335
582012
299818
134386
777
6850
12878
262182
137491
808351
41834
498985
818629
652622
574992
121356
595040
698577
585861
138963
406372
262765
282483
93338
350413
39
314735
67684
321995
209695
469386
585074
10138
602021
665172
632205
774138
263639
86598
645726
95061
732328
310284
236504
247917
387048
15439
227428
823476
346668
67934
743456
433770
251229
592569
282836
352738
25695
96392
834609
98860
726161
52395
222272
21831
444696
207514
412418
704952
114287
5117
269035
393808
806981
698195
217378
267370
619983
189402
811467
590225
294768
454106
88299
508976
841631
3887
548305
795670
504946
502956
306500
684515
124381
894447
433070
765689
855578
58898
327669
270420
23788
45816
329088
384795
248275
478587
333693
99629
235223
110567
404446
286083
161526
376039
393507
298166
502301
420182
512678
315072
874185
324748
700807
164046
948114
373836
232161
406112
15931
46655
265483
682845
805996
62589
694377
670132
187257
185583
269947
137578
95073
38914
192188
795521
6095
877665
19849
384852
255342
343539
250901
575882
816816
512087
284523
107244
345026
85299
55703
162687
495144
223872
459960
42489
719583
199698
90663
53124
155522
355909
348661
645251
26260
508158
300194
343509
351758
85703
569327
208258
237541
260686
429683
199054
227605
2677
408619
677301
134109
531783
23851
200123
255491
95789
187514
46158
227175
804708
615268
9567
169223
520595
517271
26451
738912
223135
345674
338248
870716
290603
179915
70889
211257
742037
393011
579939
325511
661393
374700
151510
232589
130874
860971
119533
397680
526737
566813
208462
338763
137663
67398
175749
261726
703491
185435
428853
184228
248513
510855
274666
120131
836121
656824
54147
205393
746805
17598
505498
20361
428026
178518
382808
196031
301777
501223
809212
285614
235473
462374
5297
147147
64555
74942
522577
214693
455276
654279
601055
583142
642899
474067
467581
31257
435573
743865
265179
41775
124113
803040
181001
118682
299648
254982
116793
713141
757134
46222
162532
155670
96672
663288
434980
125564
6881
109832
450321
697088
505427
16744
31709
476702
23241
780943
507920
10561
12203
48179
16157
48459
81805
98317
563358
60788
37042
233856
689166
143257
80390
17150
954547
228781
469531
11958
193422
42341
174631
45601
709348
411565
745253
637173
525353
881433
319336
485810
700168
325757
522890
93396
245266
84922
547452
670129
135086
222097
440080
434244
509778
225151
244735
51867
500711
95861
206399
410146
478519
12824
75124
246804
362214
430825
78970
529533
439298
269114
571564
744159
292436
327332
195394
282611
529343
35463
110445
413402
692286
92048
50032
494454
276878
67448
488402
48649
199131
365386
357141
654013
166257
25700
42875
11033
471545
69104
337048
165196
370687
478002
486592
50281
368628
396535
49438
716059
276789
124961
350173
337316
161346
182938
500629
25852
437317
141376
156781
503630
297561
496659
133210
679956
850618
469083
13277
21900
284620
483165
680172
275643
626837
149255
267042
125195
536716
288297
207013
669129
79968
664846
86976
37544
636398
126216
686559
278747
36516
8143
463185
224983
236040
172821
442650
225705
765688
222491
318467
202220
63578
722585
633830
108504
43735
221200
379093
129898
739900
197320
615781
54194
909379
368245
235656
42073
354032
190969
474110
364606
400715
348797
16763
413049
320268
505878
282812
423583
406238
104381
393881
624923
397670
65812
72975
137629
31096
625695
111150
613096
876746
214170
55707
599155
29988
334309
437867
232686
170713
143292
440798
233125
764784
148876
851187
655389
173798
99537
54709
123181
112120
407898
23238
491910
273631
283198
444728
290911
311957
324465
778403
25320
699426
374807
175305
486900
870898
79175
351602
655
6340
148474
25634
124180
353871
635480
304505
87186
108812
455507
418096
226215
649610
551331
229202
189131
39569
256891
144478
269272
235159
550518
197550
122670
228825
141112
474659
72608
650853
108072
65673
52081
57766
151152
774048
168070
112974
532467
201115
724415
402302
405253
912931
625883
87889
41591
483075
329546
896637
304236
422137
410716
37992
221901
816113
484404
17893
398839
10219
180937
91474
327449
163254
58057
797756
196230
41466
826181
9011
648337
235540
435694
239595
323929
552348
720540
431877
112836
154254
177044
399157
140661
27695
71010
117166
594443
502558
620948
213124
17911
692040
196602
116191
725594
25031
381950
292795
336090
663105
352703
673034
39766
574319
526394
982941
310488
146317
207099
298212
394797
686213
363864
128772
82939
355568
200395
469199
760369
415965
392431
219916
196183
106572
160356
366829
70633
356738
143605
493825
584452
230200
365796
462423
271951
42754
555736
424141
466409
2219
188373
17435
69630
139553
295692
169669
76859
930560
495718
343589
549397
223268
128405
241222
615153
231399
450340
660919
66560
79583
458651
673148
545347
374401
819958
88742
118462
270875
550240
54030
86476
22719
603541
789625
267478
89737
28226
601742
637328
92841
32522
317071
153047
100185
602396
591562
369319
512754
355746
449795
42676
266889
360987
147182
616529
249256
184756
202722
1092
422650
843698
17922
71245
412522
64034
242942
527427
356120
7225
772874
233039
520730
215483
86984
269352
253971
895601
752205
165527
707185
83943
735928
40749
439287
587803
236759
30833
132301
75893
409442
242317
299245
550839
59381
275315
221115
16074
112637
247364
504745
350835
534550
232660
182688
69347
38752
513806
255621
573652
22958
156956
625813
73045
490512
403460
613478
750836
891112
1942
271165
221570
147876
490177
7951
146653
400553
493526
567178
781902
353023
67412
26158
39214
438306
145282
689433
180366
189706
29594
600995
20909
435388
2823
48758
494699
567976
665809
314807
584560
362915
258199
573388
511027
411685
324722
359082
70950
554094
670793
10022
154381
267084
243093
316745
509868
315127
60064
92887
464302
312947
106058
872051
163351
88779
228063
410488
651716
521044
222836
281195
62600
163517
258784
452051
5717
47350
328013
181511
810161
679689
324145
318917
785554
432580
270231
15357
72639
251123
612792
61024
341529
172507
133991
53435
351584
187781
488174
83505
6140
190289
150932
515727
502724
130589
212898
177388
358814
92092
619335
393084
65097
614724
470790
105371
552902
706621
339352
160316
116103
351781
475619
250451
119835
17154
51692
744926
533526
236205
261721
43756
279166
668337
456187
750535
127675
17603
203533
369477
142690
510005
581067
262654
428751
211115
422795
519282
120276
10017
252898
749464
121451
461038
769280
447327
58975
102056
323071
241568
162165
28460
205820
217727
367948
48787
784913
256093
410352
772124
387185
163336
143697
700169
432090
350055
528305
422894
35619
637916
55990
384237
399361
87369
271076
304523
125525
228878
636247
602637
153798
479292
12952
75937
336316
292763
80335
620886
216215
170663
96643
774549
493916
208455
409028
268627
254569
89645
253571
44184
29196
434117
833837
545577
44783
34924
73511
955283
150633
324978
136079
90805
207907
355844
776593
313572
267112
396450
758126
933245
154413
644816
681646
252737
384763
94091
229052
148477
116973
31876
95666
718110
469269
44812
180464
528909
330191
242430
630244
172707
127633
152488
480851
580476
312991
316904
160325
33286
918597
558332
39232
322008
905213
836938
644029
270230
625482
277892
517794
753597
131286
143743
115443
99872
262711
572316
89359
272921
146593
61449
144763
842834
536643
530620
430507
474360
717817
714517
307816
940089
390496
198766
226232
170024
634621
521665
522120
20687
605961
253471
599009
337227
884843
12447
860970
21647
288305
283532
698978
268462
910854
362509
323047
293039
212916
246695
234574
867837
646802
17298
756862
872415
614246
183546
821671
781172
29370
10372
696897
331612
74840
84678
337592
174101
356841
81871
271287
13252
142215
465738
438170
361755
136306
290771
466107
411674
582096
707570
709146
22009
511892
443680
315648
255801
427661
511735
272021
708323
65884
259488
416757
301250
778441
220826
701980
352355
584480
282786
143124
656700
579232
217788
49905
371449
155469
946930
126691
259108
87370
172145
453703
369508
285309
759750
506336
282060
666653
496982
568582
74209
827696
416298
751254
142072
685486
51772
119402
69142
306604
215205
162843
599621
307079
402981
140571
34028
327418
17449
199583
627402
673896
368198
216818
557475
35597
75931
768295
53888
184567
41886
402821
198788
158241
184775
253928
202513
110944
205500
333138
789319
580585
35941
712403
877451
281140
452996
478879
188879
96034
424179
198893
254284
101361
71930
49784
217688
353612
709257
182884
692008
88153
110322
121640
514433
108450
827464
650375
69104
679535
107200
340053
349698
82841
972837
78338
40691
127836
9043
377970
69208
155849
69553
425606
50604
230384
774594
798561
403151
241248
435435
464148
81031
189023
434649
543012
634364
137663
327710
215271
97551
22041
731271
720178
118597
455516
681366
123363
397188
49010
86797
611171
613861
110393
401589
188593
360635
386406
657886
659070
507090
192676
635335
526037
337387
473703
62044
203010
213947
231225
47775
420867
381215
35471
343671
22506
167650
285424
234223
440650
34157
9796
29618
824448
240630
555398
1958
83566
2071
593864
165183
259130
255349
310181
234294
74600
358833
274360
624239
44531
342781
70168
159050
348979
161741
310600
293892
165712
647402
124349
315804
165915
84862
99998
193493
233737
50188
658624
492270
314592
540117
15381
184613
120471
257058
40586
8237
115654
196914
25550
179221
108237
88291
51569
27761
326203
192682
27642
136664
311736
673603
4682
167889
498105
301576
46376
305015
564743
179146
340396
91442
78788
486892
652431
586713
303758
723780
506154
191708
185397
151620
286215
418958
542048
756764
449820
157507
23562
62970
34454
145545
41439
834487
12051
285003
457657
307442
558241
374764
12824
117865
469498
700948
65949
719560
190771
470214
306266
494023
485693
84838
481215
485109
75023
675642
949207
933927
548580
209169
18601
46637
387327
274452
367796
731089
621292
581638
110502
473200
442474
65392
623636
71640
598234
313128
83798
59541
29172
720037
140293
166646
419031
656294
202358
64850
542887
242573
561440
94829
576316
444271
308006
296043
125752
329749
356601
44429
11728
599133
855406
222805
425704
130092
462836
195405
168716
171562
246181
627833
542205
496674
206173
126020
521078
299533
205548
210868
228381
13430
306341
106841
380229
18255
674889
690426
219977
92903
98619
226971
57507
402081
359346
434544
536775
447619
813568
29492
125180
53754
13875
506546
126093
241344
431424
102463
141342
80240
33976
203679
707810
802888
499770
359433
277168
332372
147748
727999
808820
22892
428635
263688
337747
29427
526340
364857
58066
118812
163527
167853
603054
238546
441211
147293
154963
424781
212453
1579
156711
281918
784290
508396
402157
135492
494712
96535
254259
1762
305483
691413
178416
338850
651136
5901
23430
482709
354448
266302
335706
391667
189515
546951
71373
84317
370965
500998
58477
129823
672091
46929
458439
229320
629142
375700
759310
183661
4471
137931
396716
113712
396294
603662
343597
412596
20059
428489
516673
805661
76347
546242
169044
29347
35775
75060
538179
459852
185815
619116
234853
134460
46243
730958
407092
639559
508577
277219
359406
94306
246354
339096
112481
602748
19560
102153
48695
320769
941764
121584
40372
271660
797423
630566
335362
76700
450586
176911
276421
262881
167900
663010
459206
260634
64330
729587
214621
428517
530579
318244
492467
468228
96597
742415
245883
249961
114851
500125
106810
87405
476734
433352
220376
241125
62843
30521
733961
120031
463484
38854
194351
186416
573996
35577
130738
684976
415857
549590
30125
87120
197260
472590
190716
345704
482021
654531
738792
130718
456791
13884
450244
8809
38606
736168
621170
290770
850942
390156
265969
317180
528945
18637
360077
19877
343704
99302
498831
20165
421253
72368
367460
117455
228713
356020
285007
739334
640531
311049
262496
333420
524131
4273
76885
375569
408016
228319
232432
329813
266153
389750
680247
524641
145518
153490
72887
489310
135173
120009
117214
499747
274950
119249
459627
259778
93449
350915
143109
119692
429497
523046
361166
97648
719489
184677
801656
30320
794414
50687
850183
262952
124005
202054
420775
165262
768939
63002
536953
555015
360392
451116
17545
110030
163110
398
763933
550211
228769
449689
315033
934555
320031
527868
355043
495171
142124
829075
88994
32846
135214
198265
526277
477286
109094
212443
321041
498653
166253
163922
105964
271542
677405
329427
93398
146825
80760
196436
744941
330133
235299
181063
406086
275655
215490
40897
244020
347373
786149
244950
409280
372731
467432
867574
313231
133854
687245
505489
143078
343268
18922
718433
77972
79907
266867
12584
120607
42468
102312
538997
139825
7455
251669
71556
58178
395461
376903
107388
15416
429261
110329
351314
72717
193775
457177
659271
313391
338209
481172
100236
657329
451737
66032
46725
74842
665533
679220
233636
251756
472546
15855
125657
81277
175421
61927
13231
831118
134856
568306
260577
546056
338805
525465
679989
226756
204996
276273
125198
352383
595447
90242
391695
296346
242629
96895
571927
33166
303482
103715
159326
420174
64234
469641
415761
10870
292330
50989
428213
446605
170820
68982
206357
113610
557324
380913
19251
616231
262863
555959
28866
10211
634129
124530
313920
323320
833625
179676
60735
993
181110
322143
100294
247191
87201
803768
24392
255643
16258
148883
182709
15402
398831
634289
872441
786595
207673
709698
727854
591707
931779
500266
61164
349064
47131
527784
841960
397250
352609
300338
392430
965386
619612
308366
391362
11810
465409
513007
225383
302383
131278
439226
817212
55959
8258
142613
289040
274670
345984
174257
115790
544751
16769
322615
664147
591106
652825
783441
395861
547023
18175
37749
153809
109138
99295
519153
201874
235957
403710
483486
29518
172569
144097
84038
206847
413183
87164
506792
851263
130878
558828
362089
343210
64242
427105
496417
339583
291105
609164
55635
269383
868430
202659
130227
121000
49733
366564
627434
150222
486594
43740
503956
268122
309354
27285
711630
391583
65833
408797
385525
121742
424715
113395
171164
226620
148576
39524
300893
145154
446771
488794
123653
389812
143952
544780
417887
178089
323059
236476
50430
112955
395166
35991
18525
694286
588083
17546
346663
210948
129238
495872
68367
343905
711278
170617
7662
12355
311219
696130
464130
27718
621589
419820
652588
633417
268253
74792
44699
764765
82852
414310
171117
105075
36954
208779
618749
40397
292296
570719
173670
198249
108448
44009
867116
20209
276408
195055
170504
162155
2752
72302
377899
82877
367845
578073
167592
334248
34771
563419
895855
9414
472679
160772
829581
853017
624734
767370
360878
740224
382932
155538
827737
262044
207599
172056
189134
172353
280704
77126
84287
828195
614696
107854
416434
98450
359998
605416
736609
138282
321768
16846
297940
276686
838525
208372
467581
158394
472352
132208
459219
133671
584183
766393
211359
814978
461726
548903
8749
411579
274840
316310
337169
824903
77093
36010
50865
222316
83315
698422
825361
221148
210040
182051
196438
740260
580940
188934
607227
29555
38488
97001
977954
39897
254858
104855
776369
140042
260155
700173
436795
566568
103580
337344
311007
627324
458479
90569
583925
367699
5197
659264
32571
604028
447155
96262
459910
525416
65054
247372
4016
445801
139462
193396
224399
496963
30741
319710
219229
559679
59144
566603
569668
441293
76441
91593
334734
115736
797500
28631
7051
519197
681483
459067
511373
714291
344049
1006
281499
291593
300833
610291
189340
194623
805760
676778
501445
490381
609048
558413
198260
214699
282083
404102
282440
162754
60994
956
430211
235290
336344
347429
294340
518193
456567
33823
145252
441661
400905
425448
704460
132111
77982
157842
492583
515446
58957
153012
124480
355422
171280
150322
634642
355932
301749
131715
41853
21555
574855
317727
245723
274170
202025
239321
383095
222376
200616
469709
327955
587046
231573
151577
745914
137694
436503
633870
219980
226858
54807
658893
32762
450164
54970
320082
79252
390805
67901
234016
243105
20019
486713
457825
727076
614472
223617
40024
81091
652070
438460
604895
356276
623942
202074
5111
425898
233132
320800
435452
664498
483517
84161
340260
43235
38553
566262
699408
525234
238543
345276
451081
660187
854709
555649
572009
171724
35188
351260
406283
883940
190607
590228
427266
54713
454213
15532
117620
654285
370047
424530
236345
666555
182116
185083
377551
282566
647256
305680
540378
295471
138592
486010
244070
237384
386137
473127
15232
280741
184111
707272
331744
405430
284136
499621
1719
624594
78469
246156
568739
357219
249826
185762
39834
756401
121970
200935
52620
59654
293920
493341
339548
915022
150961
140032
901467
758513
635346
168355
116768
491405
596399
634716
650747
378353
183078
86420
435190
868384
447580
154261
764451
486421
91334
295845
752617
697289
98961
159779
263813
433859
249031
142133
189889
254181
474951
626971
183206
191794
218132
808106
10799
35527
196397
190637
33150
330085
43630
182102
673
94392
239332
642630
759599
26365
308911
580766
429762
75896
600528
705779
205708
338291
332808
130811
65411
477105
216861
284086
26154
683436
92474
280193
672234
337472
686708
378936
830039
19802
457546
79976
670609
476525
725255
632680
742290
81575
222894
246751
643244
61846
192143
181038
2096
283319
351252
270138
289952
477891
165555
502355
249175
63455
380918
506593
625798
756825
21623
728280
5258
629579
165621
481991
431027
408081
602141
127642
665668
722271
217701
639457
48854
701270
671011
746980
640266
121652
352081
36629
460519
63142
141178
474977
3227
524561
147983
435805
189081
611445
423865
739246
104365
417603
88
6601
309270
113346
109497
575658
529134
34911
173915
214865
277892
248054
859800
538436
4676
718629
95987
562592
741238
55956
358278
96138
201375
95989
486304
328359
40310
230051
203998
690362
153063
609136
472046
851797
442136
396294
570401
400903
90087
372253
280326
125189
597688
46292
716092
222285
296667
602736
404343
298800
263402
43901
320549
168329
27042
111426
368964
654146
80003
92864
87286
172697
155032
400013
296036
29318
124
76528
151784
621484
28895
106262
225809
83261
763919
269790
412810
34288
641234
4288
171165
263158
421738
651987
145540
133809
114848
553646
235364
79105
388823
218157
364234
553155
239578
134910
4138
136927
499729
45983
199623
125099
114336
112014
140975
272804
284556
905428
476798
443209
23755
502402
374278
81496
191022
104271
184570
798141
490711
278814
252581
29941
202177
242920
181940
568732
84669
245343
239832
825009
474814
254686
236960
334881
340003
719832
476377
562256
117934
272426
31248
172500
483293
174280
137598
602070
61340
477778
135166
683541
3100
315533
207063
163880
554669
171945
573029
364891
121706
201935
507863
39720
680535
96041
813979
889560
749332
229979
110958
397707
373544
450179
536438
128335
34207
61708
553363
221435
41797
382464
96406
70687
663150
231326
215444
575312
269332
277083
24407
236605
148642
215966
382667
5640
31929
70172
358386
836084
459803
189197
204296
149030
421212
351196
316950
1840
388504
180610
257541
387742
775651
270229
603739
532950
363503
165823
102319
145284
349896
71378
133540
280300
148710
100656
461965
588776
495676
221987
187035
677040
375697
137230
678706
223089
450123
357187
498315
382756
52415
225661
137782
769048
303587
234549
654022
632335
253802
123188
425203
6535
616532
128915
467510
861980
15114
354511
179702
467054
315580
599646
333126
68330
537189
321301
631362
248703
776903
218964
517112
538569
287883
8053
42762
118693
266962
96834
318042
284397
336678
407811
327422
891569
592684
91896
612038
425980
91282
184210
773250
735397
220779
550683
49786
35809
9702
50762
262666
334238
67657
4686
194705
421624
687108
319028
478189
102773
473149
636718
373612
5080
290553
627026
271643
639712
389011
437323
24883
334993
435310
137468
123099
293718
236987
184181
295949
182901
62245
281405
256608
600893
358076
147902
237066
343492
587116
552404
212048
341275
267813
108576
22816
153685
571108
173457
118553
334418
768622
87321
348417
13894
406369
566062
51697
738128
265744
735956
360534
116014
882813
916362
519830
470684
61351
384021
632372
177592
433613
686382
69504
132174
262099
827666
214671
698891
470432
81793
656737
502978
166384
507493
78748
870068
754375
405812
357968
340922
294824
794336
105303
778348
29561
604073
366935
339128
927524
850663
760907
14936
335514
268420
440789
407893
3383
589313
254795
345429
734879
520334
387738
883585
233095
500448
27693
181232
357222
14406
207392
101647
168309
407033
342044
205170
36165
678307
140890
438567
499772
211117
7198
283407
15897
374107
413032
800066
337469
573266
143210
263089
90622
22780
355843
391154
473085
397283
739731
175305
605604
167272
28776
216669
440320
469911
758973
642042
668836
150489
125212
391805
871368
640219
201845
852381
356193
18662
141589
725159
410359
720304
98193
458332
330101
165911
475851
308699
233677
34445
295517
811849
336425
47426
279659
80240
544010
367424
552005
582510
144451
280895
467441
428874
71387
434619
23545
414505
465331
159768
332632
24292
293842
473171
498091
671306
224254
318690
162791
384482
311215
50439
113141
423158
484787
701289
63210
257275
515938
406403
517814
155849
136002
107475
783498
334201
520403
142785
137401
332666
41366
310549
457327
681500
174194
295575
659507
84069
251167
516653
251277
673610
18794
691791
39512
577678
405036
98225
138785
712137
10141
89012
74560
213518
775748
216821
448822
254651
705930
889418
822397
929986
142957
357700
117388
209847
937661
205142
253511
787905
314823
95430
177601
588604
111941
432966
188964
380747
954962
297298
140985
381094
25837
550821
501295
593770
155760
273010
453139
81264
968101
381027
671648
235844
305672
662630
512505
27051
520338
115308
218250
566300
261679
394452
189880
199363
160989
150286
301850
129155
356877
22684
504610
154199
432982
735130
536396
155186
337709
306318
420946
115905
528739
75374
95319
594200
511356
7947
348854
405099
383183
123293
608666
146658
491263
647022
478070
218310
594020
645307
451752
68129
240610
269461
292334
122235
242168
348729
335170
9686
7935
691018
366652
166121
259017
557109
309954
504591
271318
609418
209907
502320
623616
187563
558174
909506
169093
296929
11305
209666
774909
182885
687257
558702
29977
786428
398310
384194
54353
320384
11821
165568
247969
341587
141878
53927
198583
316243
293830
55354
28519
452002
322701
135624
205269
651299
165396
430858
246348
234936
218274
406402
582662
31051
987053
496602
55857
765344
779803
50595
161610
385286
433194
505617
961074
37629
112701
207572
267114
349669
57552
602117
273611
591164
152386
127472
237795
99520
202817
115329
354215
31647
98791
565530
413867
595722
345717
29714
221338
557414
90678
486079
623710
264235
251946
433825
365736
223524
108371
40721
540363
20559
176171
37009
403941
559757
66253
34959
650702
7263
441338
619328
327418
403107
532452
403267
185101
437377
71034
243402
409312
523631
613031
41076
404439
37283
768243
97788
537688
616050
158121
422327
686256
49554
219510
37702
283978
334520
56782
25718
434223
355918
385554
505621
78350
287223
465651
115775
726555
433353
109463
388727
301402
177377
383450
26793
530800
456183
129648
75844
330754
325602
196810
506890
208653
601611
541560
126971
784387
652268
641190
1189
504098
346439
330419
13628
424449
185846
92986
210923
296262
42005
188115
365498
60632
79167
483910
