9292
16234
18603
11810
18029
16165
9388
7056
1713
2368
30560
11363
2082
8970
17214
4025
15361
25437
14805
2455
12255
16487
16717
16199
5616
14990
4306
6347
10777
18187
29751
3378
16633
13299
14222
30118
2525
439
10378
13241
35586
22560
33007
29472
3190
2313
27998
3781
22500
15357
8578
18640
24983
10839
6347
21198
15072
5227
9472
8382
4584
35422
3431
13575
15014
2778
12755
22316
1361
13027
8671
34775
16461
33957
26797
9388
18466
23370
10555
2357
20558
19891
8568
8445
13614
4153
11907
7486
27145
28233
199
16579
14698
8564
10738
15133
8627
34379
29527
2659
23384
10078
8363
2829
21591
26350
12583
12302
4257
17446
2601
23169
12261
11003
12523
14048
5560
16315
3304
821
887
6944
14468
7475
11687
6011
31271
8255
2349
4137
10269
398
10634
7076
20718
17152
3209
3177
19004
28613
17039
27051
4136
17354
20265
17333
24143
22002
1596
8719
22382
20130
6540
24449
16450
10507
6868
14556
520
3755
19252
6093
26888
9201
14635
3482
6790
15627
6896
29694
13859
14767
25442
8323
26702
10051
13633
34094
4209
19579
6077
4287
493
7181
6463
23009
14325
31014
12969
2733
18621
34794
6023
15660
9698
6638
30480
12171
7887
1147
25672
120
8912
18572
3547
34915
7868
10280
9246
5221
4805
12998
28191
24244
4882
2264
17049
3905
10711
13329
755
6865
11383
12884
658
8097
14421
9914
8774
4482
9683
9044
3343
7089
5271
638
2074
29079
4186
6471
12188
6853
665
1580
23819
512
34094
21475
2811
14415
5689
30369
21311
27270
27114
2625
1909
7092
21053
32519
17772
19418
32897
14843
25658
20237
16278
8621
27709
24645
29871
9183
2300
112
15047
12308
6492
7988
3887
17437
28160
3372
20443
23480
23229
4764
6729
351
17057
4031
26815
22961
28494
33202
21296
21624
27784
16039
5057
7761
24208
21722
20526
6032
3523
13690
18487
6639
15593
26857
15285
9986
15441
690
17058
19282
4986
22888
8335
4914
26938
9814
13290
1186
18859
30914
3391
24727
6292
10197
22833
6295
18999
12494
16282
4523
1842
12294
2169
16796
5320
19486
3827
8728
16435
1525
11697
19906
19451
8329
16028
14478
27933
1635
8925
13250
14212
5102
10595
9758
3845
4772
25258
183
17621
403
21375
10063
28702
1326
23761
20701
26441
32617
23643
25860
16273
18572
9372
17669
1996
3715
7963
26010
1526
9338
10263
11048
25520
12072
17538
25866
26498
1092
37130
23831
504
27610
10523
2143
1391
4227
32266
6590
4410
8866
4458
1424
10721
5886
225
16726
6541
17801
11027
8895
4017
26643
3354
10278
8993
20293
6567
22239
23220
2019
35227
31707
1751
11696
5792
2410
19778
11787
24082
10155
9592
3536
4626
1048
14203
10339
12534
2400
8230
12764
14882
6997
14396
27486
8537
12977
14218
12388
26214
13326
1153
5722
19373
19450
2824
11675
3178
2977
2925
6407
4998
21856
2351
8686
20916
8631
25562
22666
5143
1698
11566
5195
7591
11477
2052
22317
12114
24092
35479
3862
16646
1010
14752
12440
6233
13823
13240
7327
34280
8923
21637
4448
4570
333
16003
2465
17977
12004
922
34531
2378
5538
9920
2955
20921
5353
12369
1790
19883
3331
20036
4504
8607
19810
15694
1956
569
16069
26026
3292
18556
32567
4817
11145
6241
5444
3861
6258
14956
24999
2762
2375
14443
3986
1627
7990
2968
16999
11028
1778
1946
21252
31254
1309
1599
1079
19414
1561
13540
8463
10142
12792
5209
7817
6356
16166
5929
5609
10700
23233
15185
19797
1831
10172
10489
25852
5794
11925
8834
1897
22506
21889
31281
6131
25291
14768
4838
1698
27769
23818
19821
7312
15581
24903
25117
6431
27957
23718
10133
8919
9772
12399
4627
1836
1622
4580
20166
33651
7713
1555
6662
16603
6001
25862
10794
14305
2434
2360
2250
18890
8389
26658
549
27852
32013
9231
7036
4622
10403
20275
3364
10677
9812
20256
10754
825
8125
25548
22127
14878
8809
683
5038
18176
33322
14233
896
16770
13042
14651
33208
7237
4878
6914
7742
22593
7053
25560
11213
4029
21402
4409
228
17459
1786
16656
15475
17021
2180
2800
13700
5906
3541
32196
21211
21698
8123
13978
1213
323
566
6305
15966
16511
5745
1969
2999
8435
26818
16873
1077
19741
34689
23228
7280
6113
11518
17893
25542
2182
22616
15965
19818
985
4764
31270
35358
19030
17684
10438
16311
3589
4481
7662
25925
28713
1930
969
11252
2323
8281
5834
13207
14660
25948
15266
6939
9982
21962
26095
4863
20690
8874
5842
1604
3477
24614
3724
12389
11245
22475
15536
19295
29665
2174
7169
886
26804
5269
25072
6669
1670
10379
18902
12531
3102
32724
24380
18830
20850
9592
31513
19787
2968
10040
16524
7747
102
5366
8717
17886
884
17537
7587
2051
1655
23197
19801
1529
32686
9896
15271
22295
296
13630
9502
6810
15691
163
12344
5410
28966
566
24255
26831
6994
20541
19044
6202
10188
25529
12713
8858
18004
13862
12729
22918
26856
263
24191
26015
2037
1560
22566
4949
1602
17724
18088
3912
19057
23264
175
7181
11057
27018
27115
19897
16961
5446
2704
18207
7985
13914
7322
3099
6857
2106
8924
24733
27885
16807
3658
8838
6696
9505
3855
24958
20328
10777
15691
12506
13312
11669
5125
20463
14974
7056
31404
17256
5147
7260
2495
2531
22140
22367
23575
26355
14890
5624
4882
7619
21518
27544
9751
651
6426
15467
2559
20006
5335
18572
22962
6991
35728
6732
4198
9119
3395
16393
11099
360
6016
25216
2765
8673
6756
21845
8334
17046
7916
5164
6343
5128
3562
17526
11121
27086
32003
21619
7034
2854
4211
7809
17175
25065
10891
14109
3691
24949
3531
14951
960
6536
15959
19412
1587
13565
22250
20988
23872
30513
28259
5284
10174
4192
24126
7117
6063
9393
14939
19773
17592
21527
24930
8932
32169
3345
12163
4703
8996
18942
17063
31379
15355
29175
15241
16508
9803
13524
15849
11406
1237
9281
3100
10295
13135
4795
15681
19838
8849
8807
19741
620
10112
14790
12865
126
17347
10322
2145
21784
4115
1217
9692
611
10019
24397
674
3570
19760
6177
3429
35300
8515
3381
6425
8024
11542
10374
24470
21675
11421
5638
5452
11031
12479
1755
23778
18257
588
16901
1687
9079
12831
7529
12880
19229
866
25909
19218
9450
17981
16545
15312
9725
21105
738
5212
8426
14170
19014
1478
10332
17994
977
14443
4098
31482
2002
14016
2234
16480
10891
1513
22857
28175
8953
4472
2127
6889
16181
17722
11877
28384
32194
21284
19472
3356
10353
11791
10223
18584
21035
12680
1629
26699
10904
18042
23890
21921
8922
4634
6431
6001
31222
8838
333
2301
5472
4593
2956
10495
18736
19090
13091
1022
7665
439
4524
1673
19873
7415
23993
23563
15206
19608
22533
13043
9511
8116
26332
22922
8717
19364
8807
2173
3944
21445
14759
25111
20281
13719
20198
25932
27876
5167
6940
27016
6077
21892
24040
28684
3615
33780
12139
4515
19301
8970
12283
23139
4377
637
6541
6896
5968
12465
5917
5304
16129
7512
52
7938
3575
16955
34230
11805
2819
24751
25325
26471
12479
14142
10242
972
11882
9214
13167
6972
15336
3042
34603
12089
241
1870
4345
1243
12809
17227
26590
8479
31457
8710
9680
12976
19841
4123
15131
11157
1622
24492
4882
22907
5708
1221
20792
22361
36182
14748
18020
29149
7729
16537
26364
922
27965
8529
19754
22929
15511
29606
13072
15210
16023
5422
14605
9199
1406
4786
4579
1376
32456
5464
29143
7974
20547
1271
14
21777
32369
3813
7152
7124
19606
11797
4942
16962
23065
4100
3469
26568
21542
3440
2352
17130
3905
15005
27113
1830
5825
3680
11574
11414
13142
15417
92
5942
12473
8438
323
20162
2720
5210
22271
2315
32745
6860
1842
12391
12226
24210
130
20786
8713
25080
958
18501
32658
10126
14214
24700
4765
20433
1655
878
16079
21129
11789
3549
7908
9933
21325
631
2451
22095
27491
7860
7917
21486
50
19171
16646
20446
2625
338
1353
4247
19157
27341
16352
378
13580
10785
15101
4627
20284
16322
22913
21091
29712
9170
18134
3816
9174
5542
25945
10145
1295
11279
490
27115
12857
5687
352
7671
6131
7244
17365
16533
24455
4695
18440
4040
18447
20081
12581
34364
29791
6168
6282
19128
6635
973
7657
10343
14398
11874
1619
24377
10653
8111
3232
18055
13911
9078
5837
28116
22935
2263
23686
15802
22607
11990
12043
4276
17448
7165
8455
14072
611
32800
30317
32261
2687
26900
145
23331
1305
6850
16583
16518
14963
2075
5100
3451
20897
8527
280
21806
3030
26390
10276
4840
18491
9788
4146
25330
21498
15351
20241
12662
31881
6407
18808
2892
4166
20943
7207
23001
14220
15452
4409
24123
27232
7478
21541
6059
13532
14666
13952
14955
6007
3179
8106
1324
17372
4772
2517
23
16094
8142
4610
16830
9167
180
22823
17503
983
5932
1465
4976
3904
6343
5781
12943
52
16732
344
5865
4854
15634
11760
1479
3708
8446
14650
15447
24550
10286
25406
22547
10628
17824
21817
18817
6919
1479
14458
1465
26023
23469
10978
14767
2948
13945
6759
15682
1232
24820
17923
26281
6725
33271
11165
10801
6333
11534
9875
5800
10528
5532
31906
22404
1801
4065
19639
10393
18151
5829
12381
11320
21307
19816
9126
9842
3927
11757
6489
6600
8131
5239
3602
11372
15559
2543
10028
10448
2092
24624
31791
4308
8233
7854
15079
16393
14191
5601
16182
13308
10863
25801
10246
13457
21584
3460
3333
3921
4306
10262
10735
12415
7149
5801
2650
25108
14343
8836
22081
12417
6016
408
4899
8928
20976
7079
6631
2919
8676
10071
983
7489
21076
21370
7969
13507
25472
25770
19796
2294
31276
15914
8267
3934
10308
481
13609
12383
14308
11798
14396
15030
18684
5175
3625
17509
23404
27765
16180
19344
5418
6276
13630
15523
13809
4002
19906
24485
30949
13493
5399
15819
7395
8516
28716
18904
18078
876
19025
15502
100
5134
29364
13509
13801
6970
23882
11644
21926
11578
9321
4455
9625
23196
4564
25104
1048
9041
8443
28984
6901
12886
866
14973
3925
5974
3929
11169
24725
30021
10618
6002
2757
10796
30697
7248
4581
11632
17104
13363
6190
8819
20370
6122
2147
7535
10815
32899
22415
1514
31861
883
1454
31957
6926
2354
9385
9114
2655
16949
16030
26081
5320
21784
27259
15779
25962
9799
8876
910
354
1095
29731
3797
7765
20613
18404
20755
12480
1470
18405
20005
9276
3056
2303
10435
452
12980
13027
19011
9803
21243
18602
30071
6352
15877
2643
23615
3989
7941
17684
12492
14138
6002
5485
16055
14519
625
10675
2812
14170
1202
18362
5429
27077
848
16927
12526
1951
22919
8765
7011
4813
8788
11218
608
21012
984
18264
14495
21692
4484
18275
18776
2514
10862
24190
717
18178
6091
1042
3945
3155
3660
19937
21340
3460
25770
26660
21598
4195
9133
25902
11545
20864
21822
13491
9955
2154
9796
2353
1152
29221
5537
14981
22565
1288
9770
16803
8213
26114
12521
4776
10164
23344
19798
19113
14376
11922
9946
5811
31503
17191
1392
9609
10643
16215
4991
32912
5481
17395
24599
8959
12074
18722
18024
14603
296
22124
9647
4721
2131
16311
732
4944
5210
16811
9708
6474
6541
13595
32
23267
13623
11840
6569
14146
14067
19382
7688
25806
14691
3548
5636
8114
12054
9898
8662
32494
3382
22628
3168
3666
203
18746
9113
5170
24420
8743
17816
6337
22582
6066
17781
26262
32894
17823
11340
17998
4863
10035
12694
14644
19390
26840
11154
29179
19972
28144
25065
32573
4945
7686
3251
4636
25492
8301
11982
9103
1084
2060
15230
14049
13402
3057
6279
14279
13322
8142
6819
2477
17293
3203
24586
19794
18277
1526
4053
12099
6954
4498
23321
15802
10137
26358
3137
16664
32084
11961
34437
7708
16215
3653
9936
28250
5718
962
438
35223
835
3391
8275
10204
21485
31649
20965
14530
8762
1583
111
32589
3393
11775
10504
24735
8720
1513
6036
1117
18855
268
7430
12092
9987
29178
144
32175
3508
11593
12715
28162
7507
2478
32507
10357
5287
6428
7746
2725
6795
8567
17331
17593
31347
10627
13857
3609
127
18127
7281
478
6816
11574
10584
728
10890
8371
13184
19819
18376
32668
22105
6683
23655
14162
3317
16619
1490
22779
15625
4945
23865
12792
7687
21490
14776
3178
3835
4816
10939
9348
17437
21092
4213
8537
136
25707
1205
3835
13042
34385
1551
10404
14131
14626
8827
13865
12379
626
31136
20907
29279
7059
13759
13758
15894
7423
19667
9421
6825
24348
4841
29133
8534
4961
5984
22562
25732
14106
19520
4637
3734
19726
10751
3748
25069
20492
17922
22367
26322
6555
22637
1181
23909
20070
7384
706
4967
35552
11636
11716
27230
17225
2126
16121
8517
4938
10705
17765
12211
8902
22330
11910
10421
7294
2712
17105
21
7733
2699
21497
7115
11986
16876
9814
5729
4188
3663
9403
14713
13076
13358
7452
2661
18701
21256
34776
1024
20951
19388
4036
20779
22141
2990
19903
6045
15436
35042
18258
1909
18032
21275
769
30075
14286
32701
114
2974
5651
19364
7776
27234
33431
9543
25791
5261
3679
28890
3164
11146
11145
1176
13613
151
23813
4993
2841
30408
2479
10085
4104
23287
1829
13408
11010
11870
11974
5979
676
17926
1366
27654
8069
5470
14288
25212
11157
24046
589
11426
8795
16350
17747
18199
33895
31410
9437
27403
3287
4351
17361
32769
15234
5378
5236
12554
1596
14814
5000
30035
16234
11005
2266
5339
32606
16595
16399
14936
2142
15958
24678
15128
15599
3232
6703
5761
25542
28286
20503
2360
4498
24819
18686
34047
10653
11162
25868
7753
467
6391
34863
12109
15989
7534
9692
22442
12003
10546
373
2786
9729
1858
6199
22975
25057
33121
23628
9697
4053
3794
31086
20918
3930
30896
10520
1706
13584
11947
11046
13174
13142
14393
13054
2832
7697
5679
3713
10969
20929
18414
6029
15883
578
4036
26106
2410
305
19398
9046
22528
16708
1445
4873
22943
1700
4059
18806
1084
13047
16157
12495
4886
13524
4200
17406
9257
3286
3565
8430
9209
4851
9354
13838
11099
23675
1317
20750
6950
14540
5988
8778
791
37177
25642
36550
18728
25290
1000
22075
1518
24647
7112
25322
29090
21848
1964
22330
4004
21405
1275
20739
9581
15025
2942
22053
26356
10520
6091
27334
22626
5452
8765
14427
5516
6884
24379
24039
6723
5467
24695
18206
8988
4754
6210
4626
11480
2155
18070
11062
8572
12196
14062
15812
5483
310
4716
9857
20063
17921
5820
2159
7000
1386
2281
10012
5062
12908
11087
3712
16272
34501
2
9509
24206
23794
378
10194
17084
17170
21130
5384
21775
23771
9726
1067
12363
4755
23431
7068
577
11230
2823
1234
4060
7113
22087
11640
11119
26973
13393
15396
24228
18765
12786
23050
8284
16958
11088
10874
6094
26191
21742
6623
4331
1138
12625
12398
16339
4158
22688
11670
13668
3583
3278
36311
27841
6123
7953
12716
14102
13791
3410
21158
2016
19190
28183
36977
11995
22869
8564
32929
3529
9656
356
12606
24693
21929
2524
2086
18162
7317
10687
9349
27742
14731
7287
3468
11503
3793
8099
20070
14189
1650
744
26581
12913
20050
2242
25479
23541
17442
23922
6839
677
7346
8110
16932
116
989
6630
19084
21201
228
1246
6223
5087
1074
3617
3318
24572
17884
24797
25546
30891
2562
20921
15079
740
7030
7146
1136
11836
12623
31127
5041
10233
10580
10482
26310
13588
13111
15583
20471
6762
11915
27784
34231
6545
23213
31812
9924
5791
24404
30947
6947
1740
18321
3477
12690
3056
9872
10036
16070
26210
12516
19131
3339
4769
9395
2678
6886
13336
5695
7022
14817
9633
10360
9453
6423
3772
16961
15497
27043
7753
18944
4371
8836
5187
5130
23830
18326
36856
7769
36000
27203
6876
13022
16917
20731
27422
7966
1047
9576
26147
12685
10652
20663
13117
4553
5761
14747
4744
15886
10898
27929
28053
14013
22113
4233
22095
27609
20663
18169
868
17532
5249
7499
1493
23574
12545
10859
3157
22235
6980
11426
23275
5952
8435
11558
7530
15528
12522
5289
17174
5337
16544
21579
6333
20328
12300
1358
2058
4683
22418
18343
4271
2878
15171
9610
2433
30466
2568
34434
17652
276
25477
26939
7706
35774
13833
15481
23467
8683
11212
24425
13240
5103
21642
5141
17331
7941
16804
4864
6344
4070
12886
1341
10918
5317
7955
14440
10444
21498
15708
9108
11897
14337
12628
30694
1251
811
11480
1952
21972
17061
6141
12488
26838
1227
9152
4711
18624
13562
5427
5946
24130
19766
2853
25311
1618
6959
1528
17717
20229
12524
25897
6314
13856
10292
19028
14742
6802
17576
25839
1878
33967
23504
21072
1839
7447
9123
3040
14918
5383
15682
6659
18623
4138
20414
20493
8892
819
5118
12140
22876
18673
1494
256
3702
8587
10127
5416
3029
3092
569
5409
27909
18459
6253
5410
14686
4574
30255
24396
1599
3268
7959
14923
8249
1499
23806
6025
6516
17152
14489
4741
7142
9055
14521
26804
22487
1141
22279
27493
14301
7113
23495
19020
23391
9916
407
23432
18199
7756
9697
7003
14618
10149
29527
30755
16138
19286
11490
15221
12137
30281
1939
14977
11280
11507
11235
7921
26022
13181
29055
9050
8556
2376
5301
9204
6077
8559
15017
12653
24326
9378
7678
6868
7601
26016
3381
18569
24211
21125
29184
15778
21573
17296
7830
9654
25238
1553
3733
17930
7109
27765
5030
3267
10471
15440
7161
14274
3815
15485
12337
1519
8399
7298
20776
20522
22057
12513
4297
6930
26287
23762
22856
6642
13961
22
9148
22883
25912
15626
8209
4856
14178
29025
32687
3340
2665
19745
1530
5282
24382
1993
22374
10497
7708
1027
10564
2985
16105
21287
5812
2226
16880
3152
4979
261
2774
4391
11469
23810
2890
25914
10514
13708
24585
16831
3924
6794
19157
5163
11540
30070
2413
16082
16866
16253
19765
3335
17671
10416
16470
16525
9663
35444
9779
6161
10774
24569
3581
6694
30476
3208
18337
28736
6971
8170
13354
21297
8739
28299
518
1113
7744
8765
6912
3346
13279
34576
13488
2928
33916
6315
30317
24454
27866
11017
15597
10426
9779
4639
920
5524
5345
17579
11463
5865
16214
3941
2219
2388
9514
6221
5459
26039
28168
24324
5603
20196
14335
32614
19681
9032
32825
10362
19157
4399
3091
12719
19637
28184
8791
25343
26673
23491
25154
12814
4274
6531
23138
25911
7205
33183
22128
57
15459
14130
10199
1128
24785
1805
15280
17448
16364
30998
10054
16977
31317
8948
26151
3376
15019
18170
17500
12423
14604
8613
9248
6962
2127
4097
5352
32496
2650
10881
15231
8875
7230
18956
11853
12835
10487
27701
13430
3330
16165
12406
22496
12586
1129
490
4101
7711
9077
11649
206
5987
13961
10035
20575
12706
8577
29541
6311
21801
6380
3141
28406
1528
17377
21056
2889
19385
11939
9187
34302
6799
35090
1907
10309
6302
10995
12545
18614
5065
21457
26162
24995
20044
25812
11525
29383
2079
15012
15574
35517
19120
19030
29160
7087
16861
1676
875
14804
9446
29315
18525
9141
24430
11083
691
16902
27384
6385
13439
892
22399
7897
10922
32664
3249
21486
16094
8779
630
4073
5362
4487
1479
14915
11858
27673
5128
21459
2028
9101
416
18852
13131
990
14874
7263
19922
19626
11741
5500
7211
10704
489
3032
10477
1394
28183
4703
6745
23286
32192
9301
6278
22716
13323
17433
3995
3513
28885
13742
5655
18952
1174
3084
2318
27788
4913
9807
17698
8072
3022
15402
25037
14951
10276
6551
21146
10000
25097
4311
14537
10176
1872
25821
25149
10780
24508
23652
1734
8089
20620
21040
26508
35322
25661
4900
589
8757
4479
21583
1310
8762
22597
8570
5846
101
21854
19898
2698
19999
2006
11533
11508
2642
25825
4900
19875
19118
7961
8164
369
13826
17728
9755
21445
24110
18190
57
25772
25004
2926
15723
11925
17748
10402
8510
31406
27659
1608
22352
10749
375
560
12627
4085
24397
4895
443
6731
7160
16925
7889
12449
4202
15296
556
1026
11627
22896
15504
7498
4991
10053
13146
27999
23897
1565
13700
8512
31544
2127
28885
7583
3125
8299
16404
2995
1783
14139
1056
1613
8673
10689
4666
22639
16416
5397
28945
14016
9968
26723
15020
3322
1709
391
23162
1590
15083
3225
20232
28747
16260
20614
27190
1322
6833
12936
27124
27563
28818
9331
6001
21604
14975
3168
735
4447
12620
4461
9808
3116
7458
17693
8919
14559
12248
18500
866
10459
8987
30973
3827
17521
23360
17198
28738
4124
18288
5927
57
20594
17318
4640
5507
2784
13045
14430
916
3397
20157
1279
4795
3834
8659
7909
5689
8608
25826
19072
11572
13875
780
200
29472
19712
12451
19513
11144
2997
9268
14223
11425
24984
13085
22478
19439
6519
7464
27752
9271
22524
30482
605
15166
14497
14249
1545
14513
6452
16045
13481
1390
8612
31417
22421
18147
1542
32057
9322
1037
20496
4774
14423
6416
26937
11641
15064
12146
18868
25277
3226
16646
34612
23801
20113
13794
29408
1991
5355
28672
24701
8181
18418
35177
8657
19471
4517
8147
33782
3743
14314
28238
11757
2085
19804
23019
6406
21653
7699
34096
1299
1567
15815
22158
2560
19466
17892
6338
16318
14323
14310
7967
11378
1601
3098
919
8350
2324
31142
24640
9514
13095
23778
13653
7351
16625
3801
16502
21462
3808
6884
35509
9527
832
788
11857
14694
32201
2937
16060
494
11667
16942
5671
1074
2058
12146
4056
15848
11869
24364
13354
2624
4663
33119
19197
19451
11665
12191
19051
21694
7100
4554
2165
10953
20404
15521
22812
5427
800
10647
243
5581
25575
4459
19345
15874
21748
12294
16291
28354
1930
17445
10599
34404
12918
20447
223
17345
13003
11460
14933
37
19287
20971
5748
9054
11520
8355
20917
10054
4797
24835
7863
2846
8087
5007
15289
9396
1506
427
22933
7488
27852
9379
19222
30606
13434
19278
19380
16205
14636
20200
8275
18503
6684
20425
19670
6482
1348
14106
19592
5848
15635
7180
14556
11133
7953
1551
4131
15312
7748
6969
9722
8034
7402
7745
28099
14033
17527
22241
17709
2524
10286
480
24826
1198
4633
8830
8263
32099
5347
5298
3730
24368
27388
3987
3691
1265
12399
5556
3005
23937
20029
31146
25003
10030
1314
12441
738
16488
18402
20115
5360
5968
16681
27633
19706
12855
24811
15825
15887
11447
21171
695
10
13078
6337
7094
15914
32990
16925
15770
21185
26820
5686
22784
22568
15512
12556
8080
5306
17817
17190
13778
18456
5330
6708
22068
13083
1263
19427
29218
4730
3313
1818
15297
12181
27507
15717
796
1536
9847
3371
16673
20554
2006
2012
12880
8844
237
1633
5957
5295
1707
10939
19249
20679
8978
27146
11332
4507
3203
29389
2335
9518
6790
24187
19650
344
12818
19066
3227
23237
4732
9713
4730
20829
7621
16259
14192
8896
15957
36934
2591
7508
1337
3681
2897
34037
2272
14798
7175
9610
6989
3846
23818
20229
2956
11948
6028
22260
7493
26607
13992
10418
8538
3645
3478
15101
6525
14467
16320
14836
11651
2885
20859
12222
3139
4197
9368
23117
721
14560
27871
1787
7621
31311
13354
22685
19335
29170
5620
10049
3140
24364
13274
22073
6736
9621
18778
5093
9792
17766
6534
17285
1769
1010
1903
6380
10366
18680
4759
5765
21529
28793
4063
12429
1369
20261
7283
12823
18499
12559
22745
14851
13105
17513
23129
8533
117
8068
29836
6713
26535
13055
16049
254
17716
7280
10412
10641
16501
4003
159
8868
23287
3230
1775
8687
20260
1286
273
17223
9220
14452
27359
5147
4636
27668
3235
26085
13552
4001
13120
7492
384
5627
18202
19298
17201
16146
97
8836
20784
5599
4149
7606
4584
9746
10793
301
11280
1158
3899
21966
12184
15541
26399
12499
13343
9210
6728
1543
5518
26646
13873
4752
2165
3992
10120
22017
763
20725
11670
13331
24663
10490
7861
24722
20853
28078
1094
4773
25574
17653
16443
2793
9803
10668
7690
5921
3647
19597
34229
9920
12591
9776
12909
3268
12973
3902
13787
14789
29314
19380
4683
9437
17603
6486
10439
16484
10419
13627
13235
4671
12472
5937
5787
13573
11637
1928
3021
18414
14622
8032
19371
6967
498
16388
6738
3198
4370
4373
9341
12683
22212
19942
20660
3582
10326
31153
22487
16271
15869
15646
2445
24279
5168
13382
6487
9273
2975
28294
1226
13421
11698
3837
3250
11834
2427
37135
18011
5370
17917
3747
14128
2564
7474
12865
18564
11600
9856
14147
25819
14001
3466
1774
7565
19999
21361
24025
24012
7555
918
24204
15990
8516
14319
4071
8891
16632
33029
11749
1158
11550
21
34179
7671
7058
8960
14663
1843
2198
12733
7595
20539
4824
14410
16278
6322
6151
14938
9905
33761
25332
11114
9549
25882
15254
8790
3948
8894
7807
1985
21334
12893
8251
3097
2435
6343
4952
17295
4216
4692
6252
9051
2020
5252
11363
16787
18831
18195
181
12774
33051
11476
4436
9413
6882
119
20240
23162
1820
15543
15224
6546
24370
21602
15478
14362
20430
22443
4422
1890
25198
15465
2492
7734
25393
10454
13075
23267
14972
9532
4937
13579
11083
12941
12190
7758
15489
17194
3491
8149
13637
11853
22924
4609
17196
20521
2766
21980
740
28339
28760
27513
25550
10181
9357
31435
5439
6447
1209
19841
21381
8748
29929
11016
1874
24822
9107
18351
14631
25286
3821
28071
14513
299
6842
26362
11706
3724
10194
167
2044
4005
1041
10024
22336
1407
18558
21814
27927
26074
2956
5146
29126
19583
120
9739
12232
10573
3849
26809
23289
272
1617
15821
318
16572
13051
12175
7857
873
11892
15209
6546
16328
2255
1824
4802
5451
3781
4699
14356
4984
2112
5398
19742
23352
5110
1365
23168
3046
23272
20544
16752
36501
27536
28450
5931
2489
7754
9189
296
4483
6376
8080
11612
13606
21049
107
10556
9647
5097
2832
12059
36421
11381
1112
10065
25896
9908
14486
2664
17362
16072
9960
11583
20031
9132
196
25463
149
3279
22982
26730
7878
4735
3930
19065
18446
11325
5871
12863
2125
8283
4012
2806
18300
11371
7186
30106
14107
32951
27024
26569
1896
468
26879
9127
14145
2889
5725
17830
23181
5890
2524
16880
26464
10915
33551
10066
13337
4450
401
7136
24476
17748
29619
8348
4040
487
19772
2361
25132
1506
6001
7411
3582
7936
7405
573
12656
17429
18816
19078
20506
25489
2444
5440
21176
7919
7380
15330
12908
17879
5992
17551
12466
3790
14149
33273
16368
12691
25312
3620
713
18556
3462
7075
12529
32475
17202
17126
13362
12261
1302
11838
24300
1820
19040
23182
1570
19438
16609
14614
15153
15268
17508
3318
708
952
1713
3854
2972
33895
3544
5699
6947
12262
12814
7629
2766
5980
25633
14159
13317
17976
6010
13211
12191
13144
7194
37507
14
8690
9304
13644
17134
7219
16751
29856
26661
25180
3394
12282
7673
3635
5365
18857
17931
9412
24010
30823
19767
10413
15494
14991
21640
5388
16086
6072
16220
17939
7975
4723
2543
28133
13881
2448
5707
10411
21903
27330
31051
4227
8678
5152
12643
15681
167
1876
4879
4049
9928
25883
15297
2840
12117
2571
24137
5361
9981
1468
3056
15429
13693
11057
29406
8452
4499
9627
30101
9470
6220
12059
18530
8079
13325
27177
10515
17804
18318
7523
13050
19545
5290
9986
19378
3601
3524
17462
23603
8635
5750
18687
7553
32118
5616
7265
16913
2781
9460
12438
6663
26459
7864
31069
23230
1755
6354
14147
19080
15526
24231
1414
30645
2808
16494
2825
31012
22430
3905
5593
12777
2821
251
2138
492
12302
346
12233
883
23793
32488
12156
3187
7034
28753
2569
22111
1280
14016
8985
10198
22417
8049
4933
23642
5203
10695
419
7022
1783
9997
4083
6026
104
1282
11908
9317
32869
745
2179
4462
14640
32003
34876
21616
16946
6605
2247
27652
19717
392
9386
2362
25183
9476
19513
9553
1678
583
2852
1647
18118
11023
18124
3118
2418
17992
4704
13176
18490
7601
13534
1735
4526
69
15190
29898
6832
24658
18645
34058
9261
2637
18683
9804
1226
15790
27893
13240
16504
10169
14958
6846
2232
11760
9553
1077
4850
20824
13559
24162
28729
523
12291
15468
24114
26325
16593
2612
2588
14809
14275
10901
366
24602
18872
5642
4872
25958
21006
3200
30822
709
1639
9538
24034
28672
5449
16122
28069
4991
28410
780
20277
2569
19882
15403
2304
10620
7447
2712
31398
30663
5939
30238
5071
14716
28207
24302
16768
19759
17740
11888
6311
12844
22323
9898
2593
22887
4818
14568
13892
37938
18076
10910
2025
12871
32535
9253
17003
15662
13058
12357
10285
27688
3914
71
7973
4335
10926
2127
6097
2291
36610
6499
27227
605
4700
6621
18934
15182
2228
361
4579
3078
8383
10689
15982
26439
3193
3497
24806
14820
25254
1243
6119
7383
29805
12572
17401
8661
15696
4275
15107
18906
4380
7739
6036
18445
11174
9776
11180
15068
3832
29463
20794
15387
2601
18279
9961
29719
17285
12014
4693
7836
4041
32080
6332
25428
6505
9424
14720
14761
23207
4103
6959
7020
3554
7280
21648
15809
15216
4830
13729
10009
12542
4229
2024
17356
23134
12283
15325
3223
19170
26296
7882
10354
17635
774
2511
19498
21959
4955
21894
21034
18063
21001
16118
24233
17515
6806
35878
16616
22338
4497
30228
11373
6971
16716
10422
4793
27948
2345
8508
3996
9489
5562
4539
10724
7186
18285
12065
375
20394
326
17388
352
10438
21769
8397
4628
4229
2948
12054
7093
13758
19040
25383
19932
10977
745
19403
13614
16833
33850
21672
13694
11552
10035
12611
2993
30268
15513
8822
16042
22504
13241
11117
7707
9121
12274
3802
25175
8570
11346
15277
15659
9732
22290
34536
24192
26893
1382
25543
12891
3595
14911
615
30795
1173
25598
8376
8316
16832
15312
16601
12186
6426
18731
8668
6427
11539
10460
11785
22888
9052
22535
32666
5301
3396
25438
10932
23954
44
3782
5138
15734
34890
21690
17381
6447
14817
1064
6054
28283
28240
9309
20938
2551
2602
978
15527
623
9856
8831
7375
24622
10021
6567
21378
4252
28693
33877
8466
19011
2086
25814
7415
18310
10841
7460
6599
7974
8328
8431
22620
16016
35677
8136
35168
26239
7792
24113
5905
5380
16727
4771
11852
5296
14985
1481
20257
29300
17978
2453
5830
22521
467
21886
5245
9927
3079
19277
8307
2998
7674
27512
2711
33290
16714
13669
20697
21282
10224
29824
4380
15923
27404
19934
1184
8994
6336
14280
26917
15408
31990
22516
303
35224
1537
6786
3191
12824
21751
17664
33177
13366
7896
14581
885
29578
27952
16923
15257
6190
12601
616
15094
15265
7026
32256
4084
22211
13209
11763
3707
5368
32424
6768
23136
22208
8911
15467
18331
2424
6902
12762
6241
11231
2250
9168
18328
27544
31222
18642
14325
4878
1870
29267
16577
3304
2303
28560
22614
14790
13590
16663
12972
19509
14195
2872
4885
3422
32752
8841
6978
1846
24769
5838
33892
23320
33095
17179
35160
8169
1363
5879
3588
3776
625
19809
