735794
225632
482556
386813
244134
552925
492655
299512
33887
75673
126564
310292
321791
415650
367511
87129
64115
120491
279874
361031
614481
337294
680923
554986
398164
286208
209462
131442
252420
241742
186099
379898
247045
112961
387262
10121
153952
190400
233357
78049
655776
514106
559407
435022
707775
199908
518489
710789
699237
321041
465374
488878
161629
117104
496576
405764
396063
798567
496525
767428
646230
203659
55973
462242
409905
481790
651208
628756
156267
409991
132782
144803
82210
578171
102841
247429
657956
217952
276290
472742
421866
626454
158642
738305
322389
313796
73071
776420
246719
716652
404918
70358
193135
146221
102907
442081
227780
158130
372491
730307
290083
950046
47690
764752
408146
138647
470872
97216
570269
438297
80856
154357
691599
306906
586105
407221
234457
487557
52477
98226
205788
91153
162495
730954
395061
302935
896893
423895
211771
470616
936104
449625
164193
89376
874648
763268
607547
29069
161282
161467
54702
993839
288276
275283
672698
606280
72815
246655
28334
387833
610820
71413
114387
7187
362693
158279
422335
653220
77841
748899
260974
392990
812750
702245
790934
698223
267606
369536
248234
151494
85803
31153
400377
938485
679873
561398
289894
313909
218430
247291
245486
543456
108552
503907
53489
308924
318638
480074
336688
566790
128398
372185
350087
295577
513128
700848
160023
10279
249203
267406
911923
350634
418220
687566
117792
466584
175930
226859
303252
106713
926058
393484
739640
143239
494047
878783
538767
336573
831334
16211
131939
12762
725883
882644
268397
176636
364813
386467
654655
590928
187998
73735
203864
491919
292419
897556
33506
492464
320891
29860
71018
528201
132545
147872
20192
299449
218711
774828
520159
286922
530235
17765
121617
128750
14119
894921
113838
481608
45226
214860
315624
311976
81535
181662
109816
114487
172585
131998
31433
417780
33106
578047
594232
279647
562432
52912
57995
272509
18223
95193
243397
674927
626031
325570
6930
168188
631718
227140
391044
111492
516161
444479
568846
929978
355908
429821
273794
710800
348139
692332
48788
519878
398198
200827
32307
256765
537093
320926
68258
48454
374382
535704
190607
389218
139070
258541
282241
392564
123383
129927
266964
231970
57415
702681
166580
450254
328706
566105
11044
21400
51757
551446
320533
138979
311817
41969
692415
3406
692045
290898
666430
257180
555201
330520
99497
216796
494172
27430
168138
341269
48760
718278
343427
732822
659551
730684
89424
296503
582647
63320
194993
363724
113621
434959
145704
427261
166481
123314
293715
423661
157676
357637
304771
62714
418426
237297
367190
216157
367001
554556
88194
58823
166147
68857
535468
41158
477263
470726
341313
424338
215547
933813
102912
126943
73805
629264
214862
334158
60917
285091
223662
244612
235260
317754
291086
70487
41056
167803
100315
12796
208570
632805
642970
217976
223579
418506
330729
148549
294257
497866
469502
391774
566654
319568
2295
116334
373011
279784
335710
800628
189081
665190
346116
373817
323733
192278
867542
2399
622815
109762
751629
764483
549525
151108
50329
694213
390784
203464
11700
388372
64154
132739
799129
513735
630314
893886
734285
620099
54552
325287
546114
126386
7539
543851
220860
361496
481780
132869
274528
264706
735475
188497
581799
237092
71444
795478
203910
663259
143121
627498
6443
256699
488312
508010
657290
248194
330581
45783
899865
561933
337601
150939
89097
56266
631712
171193
116194
480897
73736
543010
599669
459832
321337
126736
213243
488385
373431
277283
511658
68659
129813
143688
242370
25437
136395
600578
420756
358280
611685
264579
576926
629785
54573
602891
519496
681062
123988
79326
166039
349511
197370
53829
820305
34364
208980
439058
167132
105126
952220
247472
718326
171497
192472
778181
196384
44955
733913
200138
132490
112987
443803
187780
356321
412456
837035
762160
359116
230193
731159
581974
576263
482115
697469
140544
403000
441191
252889
61839
30183
408325
8701
22359
224236
230468
50107
136633
172575
135346
361441
255453
712279
214122
543248
280074
78202
386433
39452
81043
269810
151328
350699
400011
423937
229086
191589
851056
299740
195258
39161
212989
255428
148990
2781
14347
538171
76219
387876
131449
334436
13142
11931
169436
48502
209124
39367
43743
159472
276287
613305
47474
388475
328067
149394
235058
179101
317617
38128
109575
207433
163404
637139
650557
530312
522974
48068
552108
61938
113717
102260
225824
364611
61469
86434
184318
654396
725251
385473
70382
851666
767174
560766
553562
120624
417109
53098
251859
420722
308514
14420
76688
429671
317299
215968
44225
102949
496942
628995
204120
705172
75100
311476
280109
932738
329659
235598
548107
895179
866457
211690
606041
314827
249352
675058
221230
733786
169735
589180
393809
130634
541372
454164
79465
62371
5099
631454
490709
407697
457076
326316
607908
260588
159592
484568
69550
616955
120207
379358
372804
437925
847503
153178
630251
43277
648507
291532
25439
61473
114423
170969
54245
437371
149069
678165
171003
45849
372802
529721
55231
197339
230860
289843
352723
311388
143734
123377
81244
343558
229616
141795
183430
752471
700115
367093
184581
654192
326251
353148
73348
436231
446921
662390
59541
301300
53877
561924
429242
203672
32709
2288
497669
160889
380870
225036
324022
183727
101827
379886
685982
801884
33252
178917
406297
469518
449081
835638
671332
51362
468125
236566
583877
449730
530440
134059
390236
299689
389246
85620
381498
383078
176361
526139
660645
709555
556758
230787
189576
823504
3622
46452
449698
19206
642222
446828
425951
237816
197851
345702
255352
211690
642534
943987
191038
416080
206974
351839
181143
166136
344296
218404
253438
222244
57211
408197
201932
147272
336123
388574
89971
13606
299606
226801
502266
49980
27878
346279
113724
467128
26633
484321
480134
297583
299763
365349
227704
199900
746971
374946
36695
360725
340922
509237
135431
188818
601698
69739
308180
239966
629534
119656
565622
541219
601007
31496
222266
694943
527063
79595
400502
23117
788419
347432
344795
538065
81134
493362
53972
253431
455768
53613
156407
389634
380343
687818
22935
133383
137570
369769
395095
832537
164451
250350
18490
361360
565169
51349
577957
874988
312062
335019
882451
81145
18004
362222
792340
320899
802953
333518
94895
455579
319826
187594
841662
452814
561066
747595
363587
644502
80694
371612
689759
576043
896189
750133
394412
299657
455100
314262
130180
111859
234787
638256
386895
244232
503241
568935
169245
424594
473580
178552
323494
384765
268329
330466
588081
544042
522753
287061
855457
154729
328058
18351
273620
119578
5624
153032
177537
396137
151244
343285
497628
740118
545428
154057
914080
41488
237941
605909
292421
132670
229273
687715
502105
761707
152874
647116
403777
243443
382912
715281
444425
262603
181321
48169
306936
174823
668262
676803
581466
483811
426736
602438
23321
13384
324093
28201
747663
33918
356008
852044
278063
82459
80976
404875
325802
569266
548297
315197
677517
355821
57844
297629
427002
430913
288417
193582
567804
240749
815193
20615
683954
201366
433059
592199
684066
133043
833341
294962
47105
746357
484549
607938
480883
51049
375404
674703
305828
399198
159785
954483
110319
416670
62081
268563
296030
164961
121797
27347
295602
599510
665576
147614
252663
708710
184523
831927
18899
476400
134929
188724
300266
337601
323526
768583
16365
777440
506070
521900
392540
237927
173186
212836
457880
839292
402585
380526
308247
29195
391479
220831
294966
99461
310535
7406
750673
193223
446111
136396
12285
667526
163316
418042
683619
355147
638464
39458
323450
85910
602382
965699
467601
173630
162948
390388
360286
860790
875101
111148
333900
166357
235249
292531
26269
153177
280897
221654
287751
735809
664045
454597
82881
153101
75875
21886
641208
214530
517589
398284
690612
405711
78052
132902
562721
52017
772128
94466
127126
607686
451849
259089
668165
330024
94410
335411
414100
471717
335943
365682
451894
79826
175366
473456
13541
8147
265002
299457
633156
45504
99865
120743
488444
41104
101959
205856
167202
288118
460090
415427
68546
397879
315639
439479
522397
160441
239218
896273
50230
9175
713819
665287
568502
333387
319262
297328
162367
289709
178776
358560
154366
153340
97335
510152
103319
75485
566513
94379
299033
295341
554930
822489
218380
464306
480771
845962
166510
546077
542121
134108
30410
795732
10737
238343
362061
682102
74459
65708
701684
907307
284837
290099
595511
101642
13558
74883
181707
427884
853579
626604
102105
694100
35956
501903
645440
213918
268929
162852
393308
278060
111203
648540
483005
31887
279550
909945
62505
831460
603452
367454
549252
192812
359969
390535
294510
30289
423443
584822
309250
268980
308687
168443
411401
164558
410907
381012
72296
420096
736262
579948
662167
15334
342134
320742
519004
254242
15334
475854
28455
296397
455035
4981
424011
162220
233963
337690
181631
638018
34599
562806
707428
226673
439376
69452
300153
21877
839413
94006
361296
117741
384858
79506
174883
450748
563742
858919
37248
792792
508520
449066
704472
232550
143582
612264
516908
95924
703415
30860
726521
504149
168870
119144
233795
512915
136453
17537
327537
173197
198682
353817
767119
166260
595399
497346
438904
50676
56466
22999
253779
183817
554889
829467
544537
389063
66620
110006
41763
119191
224538
138958
17245
809714
378443
25353
452303
674990
902027
643811
52129
13972
472497
247275
25133
350600
82385
118069
243283
77232
192555
726151
190263
272285
598409
280704
710983
662617
247213
887758
2609
215913
342439
96096
211380
368162
783359
294453
527469
709531
617632
453315
483320
377939
671121
906014
117434
447305
601454
730830
230011
369194
175692
108256
265965
330199
217149
424740
29898
69455
405187
319413
204459
586142
701497
284872
191127
334938
19441
563579
36305
97407
35323
403945
237422
24265
496337
247311
91900
297436
358984
59928
620027
719521
187456
423159
100679
380257
84365
21362
370015
98056
880115
451279
780282
829254
470
710836
727599
53521
241488
143020
543920
688665
558256
657704
314361
238027
388284
590170
58925
387157
420228
109378
50802
318599
735506
526265
33608
3171
217834
23710
699255
10437
370838
434940
95562
78933
42146
349941
447823
680211
11955
312534
113062
298978
536375
535132
428796
68089
727907
1620
281797
54873
694103
174113
288418
50527
369039
522643
91061
204195
252838
467350
166724
539638
336957
207347
548836
21392
37415
147267
169018
159929
182300
332581
31451
558191
317167
167635
520521
24960
557667
230787
271174
270893
286207
466947
65190
458967
215462
182154
56590
92128
265318
902634
339596
922818
624559
463506
76355
556072
543359
59644
153642
523384
118779
348502
803279
268342
310850
312295
417825
651685
507006
435096
380038
467782
704348
282752
862568
593962
447267
446386
138079
297383
343304
163268
10927
169729
461353
248631
349216
12045
47263
123744
367849
383040
447116
85428
149934
876869
106831
62533
455563
808400
304320
411197
544766
339368
275832
230334
267372
60388
71992
101250
287475
33841
58649
193787
598744
623168
675634
619568
70959
3506
495373
477171
65579
521107
410380
27375
550726
25593
339100
655334
552072
700415
664670
221576
674729
164207
555401
257994
803538
222649
11837
237924
333596
396637
498670
380322
308831
822880
522552
794548
95005
374491
621741
806627
210293
433967
304992
283044
109523
602126
169379
933540
3417
101772
13451
313566
23998
515244
315508
844420
555220
111197
76211
750824
141150
236411
565393
324394
916313
485089
653791
722028
316457
748272
379477
765531
44383
551724
63452
288256
104287
650664
116628
547526
12938
698306
446362
703961
213624
6125
22598
391574
767953
755011
322597
81853
456653
794994
752945
137418
303584
301537
113081
27577
218399
402000
55055
174033
422508
507915
660272
266870
68189
59319
27614
53062
392201
445361
442394
391458
67055
219408
656001
142465
707509
433846
135383
9200
58222
145690
66280
261299
73788
699786
56659
208244
7651
55244
375037
502962
476483
162087
165104
480441
198476
766927
161972
70792
268553
6221
179088
168968
433323
785125
138875
321486
340915
353583
226044
535487
226676
268260
464500
41521
624678
94914
535888
258412
327706
17879
366293
131332
122190
171987
484163
103450
282548
75121
232890
603554
490720
20254
245126
49446
117934
219233
490277
194141
409425
130417
379135
75463
86521
606214
98740
216255
128588
245738
465085
306537
40616
376264
117149
213186
340180
527247
72039
298553
31135
646961
379941
365278
263440
502434
661027
63000
17557
25235
828275
266077
70528
115543
220581
400806
196482
670068
106871
701592
785495
231292
405120
325296
68273
633377
67583
103364
65343
658980
83728
865687
11191
373698
97051
500065
703362
238815
99006
83089
601423
507229
531647
141241
370538
195311
407925
651749
161166
469894
261672
373627
188481
150002
21052
650096
170080
216974
75930
507239
896358
637693
375765
254808
132184
33968
69124
376559
465914
369332
657236
745304
215694
107917
529228
783490
565368
619434
546418
101162
751921
242530
715621
750316
376901
55896
7143
154604
834221
624969
110840
162844
107969
84407
138638
692647
291039
425292
272679
94732
26583
202686
650440
483018
333107
139653
411274
551220
67142
45767
505276
436875
643393
478713
540646
24349
36528
258970
416488
862176
297027
352521
231422
22166
429710
111696
791165
632711
154010
465859
46998
49399
351078
38959
193412
381167
283638
904603
206570
147840
680837
575339
378071
387653
191978
226179
378210
456376
586197
19894
458796
58550
192552
140244
327505
108225
290198
70423
227442
168720
304126
417089
432982
318227
128367
688337
54214
631076
597641
521033
519682
607817
225937
73511
247035
149323
548573
536414
95736
708668
770328
556447
390368
614806
86809
121613
226571
552556
2267
550098
287915
609660
608370
615076
200312
374996
141142
395664
277805
143131
3455
72318
163759
277674
687065
111161
206897
349009
506642
653903
831470
89482
188802
523312
342815
668539
239637
176044
812854
153584
662282
78966
651585
106300
22446
415881
248686
8900
43888
896104
150157
258727
336612
250933
288079
409849
912020
140431
293853
737699
146950
251142
320750
292737
149991
528194
285322
695386
423095
128213
280369
313607
184665
409330
183962
156080
132365
39290
46294
223091
56284
219822
123015
270539
15336
537668
203968
290005
119483
884484
176962
694181
531633
436781
740099
129335
607796
587196
434437
76562
5888
59133
478016
102782
286550
556002
225814
26434
434926
472264
344923
255801
367925
197398
111447
535053
273440
317531
816031
436445
30764
224373
589197
123696
171139
283164
154957
337769
685314
723453
56470
71081
507791
186264
813449
83701
544837
406899
36152
837182
653971
165832
446072
162005
422167
380951
178180
542563
60949
652
598654
209148
796257
79953
721730
810004
746431
206879
644900
733837
631860
448738
293757
160588
608537
322433
79776
471674
802807
308225
107117
59468
498100
447709
895912
543781
843888
196901
295226
371434
393184
641660
38848
185796
174852
677250
479697
17148
547548
794068
170583
787416
388228
196285
43356
290856
385939
756718
225095
540771
424276
410426
548516
2071
113876
38778
65529
31646
441290
118709
518515
82305
77196
475837
289439
93778
223852
74886
552420
259115
70670
34178
331186
285899
5184
175972
134582
716260
463276
544920
656717
191017
128852
47501
459451
194080
156027
141049
339767
443732
471433
10853
513222
455286
213862
446656
448569
386965
51535
236934
32141
210447
464504
158986
397167
697501
610353
352275
208288
676975
617890
223458
68426
7082
455684
861521
876008
492043
108432
297726
470250
43553
191312
89094
233557
592469
294776
457728
144858
568816
851301
609287
196247
407796
573558
495737
230039
349500
616076
249827
739169
21451
271825
543920
853705
640280
44216
202463
454596
150096
119232
520127
383568
80545
514262
183096
15843
493281
412306
860744
500517
459467
882686
113492
941450
287928
192369
239896
33638
572332
21056
671709
218172
64639
643561
135611
357030
304903
111726
561149
16661
33152
877332
31662
549587
431621
343366
222043
868641
165466
48485
311815
24805
398211
65220
288046
329587
282239
253009
380185
394205
241886
470955
45191
845198
72871
631754
28548
38187
497828
126383
26058
251865
66120
390184
921454
587951
410760
525517
367315
105804
403310
296736
1324
271706
258360
118570
554693
40085
48851
70023
148660
17402
125615
393552
150175
208062
606100
868569
127819
116505
204143
276753
327355
131831
26328
545577
223308
57573
667200
377050
534144
45876
339331
52341
403783
412800
77651
159318
480170
445379
985743
156694
131400
509212
604995
672438
371919
404112
387457
35349
39719
408810
121823
309351
530705
576577
398819
616993
200179
315850
443972
109545
338747
299440
423548
209810
55675
401071
424074
200398
383747
15222
7904
400453
64742
442691
257703
301678
765488
45312
715973
584907
58649
442136
586538
186585
318217
281179
50704
193423
192596
646819
740500
128205
128113
132991
31707
913228
71772
543313
918781
484591
198425
320491
49994
169826
60550
71814
205489
457735
732033
57913
148203
338396
364724
499025
176937
394032
53323
489810
320644
394170
461500
5317
635938
289996
444064
37344
691095
390130
300895
168439
178784
288271
494561
49686
263289
135507
746643
10549
11005
285841
11066
431309
748643
511007
193148
587752
192238
209767
22620
324486
934102
32883
772629
429751
124107
474139
786304
589745
191624
169396
599182
313266
748696
511606
461173
588671
201812
361392
381050
918891
125915
156608
25361
9631
337063
137108
155031
638396
161959
369957
234261
545916
355317
19773
546628
830130
60836
253754
142726
398668
271988
514755
617445
43986
3721
403849
50834
306158
153492
500922
53764
321745
326365
141220
803873
893818
59030
286006
119340
248081
351871
703192
866786
695327
362732
323485
772652
454029
178875
399238
694842
595931
258255
903067
152532
784400
509122
185200
142997
428063
157795
94611
381233
165612
759527
62492
128892
141278
455088
400528
178468
68097
102214
246716
596178
174832
130560
186507
261805
51367
54290
471742
408575
366317
783445
157115
220583
35946
5348
200699
143933
36440
355745
366445
444016
156368
612469
315747
486524
111668
639027
514331
85547
307573
49723
326933
724735
782546
576461
454557
309913
419673
113047
98835
181398
586479
287771
50537
854213
306937
138619
117888
127499
115396
52280
621615
423785
322541
42208
226244
95138
120087
220966
469909
386831
392544
551718
151372
592727
14032
301569
545124
266619
344823
465962
83299
82984
262348
647965
876890
553209
624320
332031
405006
469156
281878
36818
16674
424429
138816
736438
65164
8320
520756
675532
7844
642088
700529
392744
341223
225879
641261
144817
384401
374004
539491
503878
523297
83113
233240
157108
598020
312490
224986
33691
662993
130969
242510
205398
141994
182232
34704
91433
176352
60794
284702
162691
302712
173437
110707
117762
792541
20381
182342
101561
549971
163412
436529
87886
848668
200145
152393
165773
197180
199203
352153
144766
1770
413423
685201
382112
175438
78047
541098
142278
506792
749843
276008
752957
146798
197247
125247
73125
656978
218605
423109
383576
545257
377276
105063
88162
681366
930012
79962
799326
622115
269156
201177
147477
751183
881985
151254
458109
224510
444132
10522
288447
241917
121110
676499
338892
263403
114676
605228
136574
539727
294631
748540
472279
851087
539321
365997
375642
220072
26502
195836
131281
98008
130130
894461
251995
495117
174254
173110
866560
45824
222681
214860
288028
656124
552863
48748
1323
128545
108310
310309
28565
4613
158415
473135
437306
57322
119546
804259
217478
102206
605887
724310
37602
172105
357758
301287
387880
80247
133604
118256
391958
107759
163642
697015
269732
576484
219777
47379
280175
416553
567228
38755
111948
111812
439958
41882
672618
418906
604489
146563
154876
51072
230424
410986
61595
333979
495337
271375
121654
195666
255765
32423
321116
478819
596769
307644
520706
619899
499902
177052
787375
403767
20495
54800
13077
544721
131140
242056
255341
750143
212872
21087
196367
288232
121468
250245
252397
153925
459595
480414
303136
210436
361159
57664
756105
683039
158868
628887
8403
196061
638706
36756
270410
390124
83683
40768
225057
108160
557734
169438
159739
114515
360453
58330
467398
4789
202033
386770
424943
226245
17665
309529
205927
325095
18957
642394
156041
221783
436384
614322
327216
639740
600427
108986
186270
82147
446019
737778
7391
216290
471472
394519
727296
253547
456141
263278
45819
23521
80405
718497
374000
738569
102358
154965
712341
254615
93166
43590
655964
11286
537553
20618
387977
592858
60978
40186
648293
461132
731831
100017
358513
346703
236616
58892
712961
113232
122118
629157
561518
498198
278879
130327
3131
782058
159688
288622
443115
208041
587778
139830
413649
104568
861852
322769
324162
149798
288768
549550
715079
711737
775678
670896
247023
19330
212357
454765
270997
388449
155952
398152
310333
372383
570149
224618
133090
492422
735289
620684
114000
291925
748221
114518
527281
191099
572658
238267
1119
295877
346369
228763
135345
430996
6577
745364
8781
604769
127796
64423
528930
527224
717897
541068
179069
48322
97617
853470
598928
223587
365281
8878
874145
707556
659213
405587
91521
618326
174501
723843
644712
347588
553331
28301
92870
176088
276263
556742
48612
605588
185820
468254
507506
544077
5805
661018
113498
143239
12135
309582
706475
432062
587283
53114
294395
716665
219267
884938
225534
371488
607180
256438
293935
13980
107870
333248
699594
84151
228801
176048
106149
166348
84432
106016
389669
369971
403792
925720
530700
876441
343854
124487
438077
171558
62459
377331
140991
267844
537320
689971
114652
141949
809937
239593
382588
96884
258630
18897
793809
208770
126600
618780
172930
471787
93729
83605
761697
19496
452619
593388
541090
105966
337274
48614
46688
519794
941834
339625
345270
248933
65931
102693
111286
126905
365296
43543
227082
147911
344031
768854
440371
535121
456241
117740
226037
499336
491738
11588
205778
46465
704978
48532
208410
526801
617667
161417
259013
108495
23423
805094
305108
92987
906865
647755
920108
292008
32512
135241
159322
367411
332918
120953
128396
84921
128193
205964
214563
294418
486507
143204
548998
594349
640214
273762
156761
249533
613452
432036
249716
52203
635746
190
777638
54645
293411
208287
853774
738537
568795
889381
35532
298464
280329
820356
676487
782778
421127
310040
826196
405687
179675
557325
200880
339495
129322
66377
85819
184692
616958
507164
139721
72945
163918
615362
482371
284885
176106
278450
461071
160284
600121
914182
278952
298416
200617
273640
182683
700581
453784
589394
306603
543117
104006
495279
628754
149347
15313
80157
584459
55498
676566
549382
431080
560766
492069
396943
524670
938976
28368
166058
493676
187616
476207
196223
844894
111350
213503
298453
364729
204478
264157
471891
265539
290551
19850
203474
364502
355794
154808
133887
360407
183325
728700
804911
611695
359574
77823
63049
500149
117577
668440
315542
175244
69303
932312
793418
295993
247093
692842
210935
227456
726222
560368
203896
280603
651066
407310
213056
478651
479696
664017
92486
290087
48051
591361
199663
155422
674947
729898
150369
313105
463537
529231
114174
151395
467151
192957
125763
763826
60737
653980
566913
102176
678574
112950
175780
785924
95955
675258
219293
715002
309349
59894
685005
91169
88355
409989
255125
137560
340287
934181
41303
180825
149285
219067
729753
68701
252316
875039
726456
584649
355954
74619
406752
720715
755964
394640
102647
722984
607509
142804
604483
360376
806304
8353
349821
199428
491802
125054
6351
184599
225042
283518
490216
242667
303288
44115
406822
702566
459409
33460
377659
166837
25539
191667
487993
62428
267305
41689
71705
370887
42800
191758
145744
419842
87586
233651
146471
19273
542987
445981
162325
450575
304062
488245
493017
350984
69430
378137
907761
693336
414830
401530
402457
230966
21959
500035
89506
650962
237891
736336
598028
102708
190187
89106
201169
246472
342645
95589
669126
187341
551596
424214
350078
525968
464300
30149
680925
126674
610547
62466
102244
786904
613586
546765
146084
184463
515148
40340
97536
52241
11554
426761
600820
946473
601146
456375
208930
533099
179699
132528
604799
667658
85073
78618
33698
395766
111030
492793
552092
382140
610818
429577
731170
655107
561752
135569
194585
89127
576427
427176
635975
299383
752530
811644
340227
312099
849836
243514
32183
259892
221760
62848
18412
137577
135353
591863
439046
617711
124529
535147
228457
84150
506302
156567
370132
243277
878434
452893
358715
154925
922007
10041
320381
303844
451998
325541
93891
75615
918752
790225
448786
669733
276084
735001
292160
754282
33056
58092
380656
52261
564975
17890
83949
214881
230560
270023
681149
89098
455061
766181
862555
157835
145817
83934
797119
665335
240789
525120
573407
88021
278176
43952
416159
295983
267948
828814
195910
160470
445125
70402
97287
225681
334385
507617
12020
228619
199637
525772
109766
667586
26042
739849
479252
40308
41229
277679
678479
421988
549476
599281
647226
136071
491086
29026
227493
290024
1083
211392
376943
4346
356895
549261
451129
112416
159950
395563
104053
22771
257532
171334
282491
378295
31879
756987
54697
337827
489948
225947
469859
12311
206171
204378
227359
197821
255405
160572
41737
712904
767142
376262
33388
738213
484955
302771
368093
397217
476991
15335
300264
278695
600923
54923
307834
11483
52819
71620
440598
180978
135940
683927
537040
278536
13363
253024
518518
501322
455625
641671
196712
206150
775188
455529
562947
148417
385989
827521
781709
846423
194817
160913
110078
753246
427149
681249
527512
512000
774388
761896
505271
218702
520732
445601
5571
721750
48772
521110
179607
686583
38881
70150
34431
401508
472232
451233
374078
432016
86365
141385
65952
34025
635275
213757
54398
136824
186232
620210
117234
237077
552852
399011
85403
228253
418177
99351
74539
6770
42290
382250
141613
185210
295062
10526
77819
104214
163725
71212
112617
873238
346887
253583
547064
427671
197540
44535
506649
644399
775992
237581
193426
347060
31575
313848
469107
99839
195117
39970
457000
248476
543636
549
175712
7364
23790
451980
24530
418308
449061
380940
79104
303890
234806
183521
780320
81318
650749
328089
194663
78362
245119
617540
147568
200654
223400
636587
540012
714225
22841
200269
202195
732948
275782
99322
693688
108519
235592
261444
225474
152052
920414
345421
311994
238811
166032
274971
683339
584166
176758
121543
891627
152302
3126
536713
128878
174325
68854
171519
676419
761161
123081
299565
249674
70298
295400
829391
89687
358976
154655
758459
181538
528424
11268
256051
301512
495943
377386
448039
117579
259252
322802
687245
216163
715634
219015
530690
270141
736746
1871
175660
220584
111983
788396
770261
170913
384675
416851
545766
386259
232374
500146
36192
61252
140999
170697
336834
376243
88131
79521
778246
697066
205924
218967
199130
10878
240612
503511
348588
107739
896415
565502
223308
277531
322775
165111
618130
122399
353183
655502
530514
195150
777814
203947
783977
156
76345
284964
362769
237916
174588
721755
372414
838017
164500
531962
78747
437950
57195
260519
120325
51932
92034
397323
470097
690149
976897
372086
161023
323671
896039
99008
644130
336314
14804
759559
424011
52988
384992
464552
879532
168411
254749
207534
502121
138327
488688
737403
137714
68329
635198
449653
123901
431943
163066
54038
338773
744679
189627
198209
666602
245351
438074
46769
644059
942270
423508
215694
430299
181199
167216
208511
767324
606433
744234
325561
429219
279953
512772
498366
215616
105387
83559
278872
124775
138950
187487
79809
179479
580335
175225
249546
45452
174520
564720
269241
730477
373691
98866
279660
666037
346611
502352
154646
308217
367664
83802
880441
303832
512261
609594
598145
218314
351664
46864
135200
382249
429594
22807
70191
20293
91660
535234
121990
84722
286651
172424
637289
178025
358041
193159
36293
10373
435726
395428
637460
68539
110877
99903
380094
857447
470441
412510
763124
50825
105853
486789
473546
405110
480874
158420
490289
233465
159458
326182
338887
323288
124510
79335
93490
96761
325003
171558
481217
271448
481386
189464
401012
664093
449436
276933
202673
302642
570960
565548
186085
333335
411782
53631
335858
218465
146960
87154
173357
463607
464274
5410
691264
614395
355169
701870
120757
705664
832286
10788
542159
679757
373798
1901
29991
394091
772233
304863
18309
95517
488894
233300
287850
596684
27786
194312
665198
757433
90325
765871
704714
175040
164288
911143
139573
289650
375972
561219
335758
827828
13192
495518
269594
265899
198814
193788
718613
633404
106279
199284
222633
290469
492375
831080
555332
103366
621064
164634
503866
53274
180788
709131
574692
78173
49294
412985
659166
728915
831385
417762
336059
545906
241001
312160
115360
271153
284195
39746
316767
256668
491746
303854
155424
262632
20121
30729
30560
610398
591497
227240
8729
38830
119163
310017
100575
336495
452102
482878
441439
441157
258849
133144
671622
123888
305017
299413
121882
493839
59822
8272
586182
449992
536338
471461
130143
86682
280580
228567
229949
622103
383240
930486
460445
97082
351935
920059
472179
260863
352983
262466
824578
696739
8794
351768
247558
290237
471493
217105
79323
884679
350799
780387
759831
214189
108088
127639
597864
687978
579438
852689
232467
515746
175737
446373
155028
425488
107277
508394
895233
307588
413956
513617
162540
33086
27878
696181
626482
19746
683795
176463
542928
418598
332097
66788
664688
136709
169222
491194
752436
660646
813371
206289
530785
225226
320432
78715
2525
41965
531724
818370
324925
613412
106027
436604
400579
181707
539523
726050
348463
931293
225785
312131
363569
766135
419049
352102
179315
122083
475375
333674
45909
271627
620154
644898
84196
161147
439430
522283
780661
667231
682884
288261
596679
104149
308061
120048
891292
401509
784581
408530
86395
191375
774432
351847
818590
9336
128218
207800
361518
267503
286727
216100
300246
757296
872450
56573
29697
323332
730616
282842
100250
374763
477431
418484
742961
260721
179223
74772
499118
58956
144902
979743
566020
610341
935179
110870
170690
40350
135366
309726
335449
315462
434698
75273
202862
976644
349975
198619
193263
386076
402314
214576
387317
45554
552344
107168
501054
52839
247630
972134
120789
182722
769458
430404
281
86518
318908
199085
250050
78181
468852
629130
784431
178860
531675
189051
283947
377235
202329
15502
297193
774024
351375
514575
97337
342736
143376
447964
45296
409539
116224
820797
53678
92194
233493
657449
4322
160809
851679
384551
373221
94782
325653
26653
203679
95158
379005
618935
282416
154147
292675
36640
542258
164674
548708
95958
272207
63061
79356
10810
493405
385597
781392
334172
381247
410120
481494
317589
19806
126725
281367
380337
533568
295890
61099
895506
688495
460997
681974
165190
475654
394707
41590
225142
785026
212125
752759
103359
193175
550557
113838
46461
591981
318932
77927
30266
503819
422189
677587
292537
13731
738680
842548
307589
152855
440939
154999
802110
42476
496620
423903
165563
381474
413563
523649
188787
246848
158160
101609
406985
379984
195840
31049
23091
88874
26934
390092
325252
287284
381387
325933
79702
929635
684470
225455
612691
343820
419674
47219
3627
62193
62422
168619
788433
151036
144498
80884
35347
301700
135008
596702
35178
297940
68811
186871
145313
660730
37513
125086
70399
49893
337129
829207
207242
369534
358146
808499
42294
48405
635689
330052
166760
741339
276654
517292
590670
17005
566803
819803
144111
262771
397329
828408
327057
178773
186707
107793
562515
869408
285981
861962
414859
812149
656018
69390
315105
217828
871967
613981
389755
47422
273990
390500
197705
393142
274575
420113
812472
36928
55127
455114
359457
751463
350199
163063
22388
563238
471872
75723
189416
57137
791710
276920
121000
157335
339936
200306
505084
49884
135746
242775
534478
727086
396483
322211
7032
124262
322943
284285
216083
99539
580281
77716
52010
1266
430713
209982
656054
26969
70441
297407
176289
56451
676445
532327
272992
481600
321578
325503
127402
451975
258509
177006
19117
144020
389739
515456
445926
604598
305451
177129
198009
121577
75071
430412
71797
114360
484830
304532
192281
602947
352395
92670
396618
45379
341173
474227
686485
538697
293074
559020
299440
502579
12453
806235
103040
247883
473720
162560
357436
36900
141183
535772
472158
291875
195716
217910
7775
569766
58567
238566
217032
181351
124195
117014
443289
192394
219522
658393
531723
416550
147432
50451
74041
531214
350313
852144
44627
38230
698268
943701
150629
132912
581503
299591
72648
85816
73279
220182
158777
224313
839605
135972
195712
430893
123183
457647
467621
464025
91919
408496
291352
326879
78479
60110
137710
539304
96381
89103
267684
53641
812020
749537
132445
361722
1209
21626
779320
59862
543551
763625
174209
188563
38247
157282
583164
357919
721148
160105
895882
658827
151032
134662
657389
137902
627273
813390
485134
323497
407604
281189
355643
132917
732962
661532
869
225019
150564
498923
143432
310146
371528
175787
447060
556844
113452
859773
397538
672780
25883
405728
118606
288832
406701
607691
743762
357570
622777
473716
182614
495309
377785
6793
644347
49843
745789
118150
894618
705
501944
206938
561881
515321
424904
182991
56840
177057
647711
105098
122854
56385
533498
387596
11471
341957
130073
20723
319169
603740
43694
33881
454987
404833
886652
87340
967281
159962
441696
304087
119243
684528
324409
392699
35734
362139
239489
483973
324182
53342
479930
15877
449920
56059
135878
427624
106105
366574
254225
557282
434306
429162
213349
268446
675371
112708
212416
84038
400888
103358
148932
161837
383385
128696
166919
787867
62906
769909
542054
714609
134107
68359
197
302775
490174
196297
48255
290271
198727
335888
201665
641407
423202
408984
41473
194648
390961
185567
250888
172829
88668
482382
362409
10475
217429
182044
36638
88454
338186
754414
180544
237605
184615
699408
11207
14721
136944
49603
569960
163883
426406
85788
523458
59971
812889
286337
581137
247347
71582
734243
223657
106325
843149
12928
323472
246444
757366
129002
619487
137854
641653
93698
426417
491151
154082
173573
193071
391455
342860
59859
641879
101541
477665
666430
658012
269683
87255
359048
560330
755572
49879
58084
402390
468752
306930
604196
578660
464475
58184
150285
805350
74422
244635
318770
701227
250930
663742
35948
23131
215894
777454
47262
963741
94967
449070
174585
399546
77278
823476
672303
147805
470764
427159
34351
397217
22592
314673
38505
455105
374414
191006
82275
