4072
3855
12299
14529
7457
22479
18500
1728
10947
17567
8624
15686
9346
23830
14224
1656
8053
912
30437
16875
26300
14278
18691
14798
3827
5182
14886
7098
19415
8636
3860
6335
34903
11796
12345
20933
14182
5761
4446
17729
5321
15973
17293
6903
6923
9555
8882
10856
19583
12649
14767
4576
11719
33166
1011
4989
7897
4130
4426
8293
6140
3503
29481
26242
3046
1637
18153
28312
24755
1827
2727
26878
33104
4043
11506
15390
1965
2642
5647
5357
13311
6800
2746
17404
32191
13306
17245
11057
35771
19185
1582
7333
11381
4001
4342
23864
9173
6414
2548
2844
22851
32444
3271
20565
5826
32613
22182
20768
30658
5042
2624
9548
6817
20593
2689
11150
15021
25488
13433
10093
2402
5180
20501
12982
19705
16770
14555
377
20419
20816
20193
8551
12926
13802
17613
6153
14062
11340
4901
14735
27002
1317
15936
8056
29967
25310
4622
12618
9957
5342
11767
10419
16510
24530
6052
3999
3676
33643
16005
3189
1826
10428
8519
14047
18242
28761
1802
27730
27573
29998
29380
8341
5763
8317
17098
13046
13127
2585
8019
25336
18775
948
87
17211
27601
5926
7187
16122
29140
12925
1392
5279
12170
10759
291
32070
34735
2394
8768
27244
4821
20601
12543
2427
22192
4422
21402
15802
17979
23460
166
27558
9364
2357
18549
10718
2769
4507
650
5512
2067
3848
24753
9633
6310
1815
13557
4190
3635
16597
9178
8671
37747
23355
2023
13857
26125
4129
2510
8173
1319
9440
18726
27493
1016
13267
2521
24420
10210
17408
26479
5780
26470
29139
14683
9854
11104
29543
7519
3843
1912
26492
32960
14896
13438
23145
8346
340
20386
17041
7334
12805
4263
11344
13932
16888
22220
32129
15121
21922
25109
17337
5386
15279
14674
10764
13369
18194
6134
8333
31023
10046
13059
16684
6237
1117
21886
18692
9562
2199
16751
8218
665
6668
9821
8417
15638
9956
646
6812
15759
10019
7682
3184
2798
22852
21478
16760
5512
7316
29153
5080
18552
7947
22661
12351
7547
2107
21748
22133
7841
14743
16344
19914
26972
4781
4946
7870
4885
21581
16982
28237
16651
9070
3136
16389
2668
30806
16117
26760
9701
6180
17603
4460
3335
1176
3631
3661
1172
13033
9799
24468
4679
3858
2252
14466
733
147
18611
11667
4272
16994
21361
12928
16506
5268
12392
7250
6082
1086
7161
3020
21727
2956
488
4735
13469
5779
7323
11134
8007
3991
4446
5243
16379
1120
18661
697
14597
7034
29267
14141
10955
32418
1689
721
3355
17937
29345
18751
12866
2594
16765
30995
12398
2133
11821
3328
15059
1275
29173
918
12908
10425
30065
1027
14774
17308
1703
5498
11686
22209
9603
10601
14588
26362
10521
13290
28908
4402
13701
31868
490
2956
24988
5414
13834
22470
13400
793
23817
11183
20857
24191
5167
27800
8087
8337
17941
13756
14323
8847
31258
1810
28614
15952
20379
20496
12436
19304
14144
9863
10580
2936
28270
10800
341
1294
10618
3820
27002
4639
9648
20369
11465
7850
6670
7002
10817
28301
6256
455
1243
8319
8737
15929
22855
14746
2978
15469
6440
8991
5910
4154
13933
13343
9705
12206
7962
5435
20311
11737
2651
4077
8534
23249
25610
21
3168
1381
10831
406
3065
7488
13550
5597
27096
1976
10516
80
3695
23646
7648
11027
11701
18130
5689
2007
15193
15950
26406
18620
3150
6413
32236
4296
22446
19490
2765
4800
4546
25150
32274
17759
2060
10613
14615
26180
171
26045
19513
12201
22036
2547
9618
26308
22749
20536
11535
19063
21125
24212
25999
13558
26448
6390
6498
11683
9814
26095
13880
10462
15442
326
2405
6048
32980
9447
2029
6338
34355
8498
3621
17678
1626
745
2995
24436
12025
37926
10088
15277
6991
1598
1861
34873
29584
1247
13583
17038
6199
25640
26575
4963
10095
2210
9809
1599
20588
743
20945
12407
1727
8144
1987
17176
673
21258
1250
22962
4599
5186
18787
9179
13922
15673
21559
5449
26190
3107
6609
1591
24080
4960
27790
24123
11363
4470
176
8864
2143
5246
1091
9353
6460
7101
12685
26392
24639
19741
13931
31920
15133
14361
24291
12236
1230
8807
22003
2076
5157
30138
29262
17536
25601
12844
19137
25790
16301
11878
26694
9731
14408
23709
12968
12698
13807
29375
8835
11517
11076
5637
15053
9330
15527
21047
59
7905
15848
6123
32807
12904
23635
29410
12450
2259
12151
14241
7657
15033
20776
31015
20222
6445
30467
19780
3964
9909
799
28649
3822
28680
18403
13703
32961
3236
4795
2631
9591
4153
8017
20006
18345
7142
3546
15756
15945
23966
25335
4091
16067
26025
7925
4934
13456
5541
510
10508
662
2896
1020
1454
15992
20456
4603
3763
8951
8756
28466
25738
16551
28693
2304
6698
10826
14344
12706
4035
20639
16935
3524
16004
6225
2779
33684
14172
6134
12241
18863
214
1368
28426
568
23970
11667
16049
28765
68
8547
7684
14422
10668
7832
6585
10906
21096
4125
15186
15400
1298
2492
15113
5649
25962
28362
26530
24697
19608
2046
29268
12521
11942
23038
2155
2386
198
9796
5601
10428
6878
36503
2704
25663
10393
3368
28907
11890
5778
20515
4889
11595
12125
21722
30845
3575
10112
5152
15507
7684
6546
21854
11901
14044
1533
19049
15193
4869
6318
3749
2428
15556
5349
8351
8490
655
1613
27331
8132
4943
10373
11185
14596
30775
5638
12868
32566
20892
8761
15649
10634
11108
5637
13834
19695
32609
20707
11235
6916
17223
16703
7631
8658
20104
25455
2663
14855
16824
25132
3486
9531
3307
8334
3635
1112
20134
12120
20540
21385
3414
6227
15656
32251
10625
4524
26176
2261
6203
21607
10381
12053
7794
21253
7028
34651
4727
3096
449
12766
5233
31871
27121
25900
21080
12712
11093
9245
31169
297
33572
4351
8487
18729
8182
18545
31261
21372
3001
1645
25096
31539
13156
11128
8326
1220
7826
5529
31083
19068
8452
11952
243
20852
6087
4408
18475
6515
34184
4914
4900
11681
17399
17228
6323
7387
13342
8460
7027
11908
18497
15706
4719
9490
11911
15931
4030
15644
97
11768
24240
2831
12931
11089
33633
21202
1836
1297
19205
23269
25397
2702
11324
8090
3358
17873
1671
15719
10662
25896
11022
22963
5255
8935
25670
8591
12442
4934
12099
28791
26293
10080
35957
24122
6264
21
3483
19749
388
370
19530
12479
15813
24730
6955
15837
5068
28278
12252
10910
32907
6055
1355
18806
14793
7915
9795
8865
11069
24671
10047
25549
2372
20362
7092
3899
19928
6122
11069
6007
4410
1023
3518
7799
5131
1623
10149
78
21470
315
6510
28743
7848
16435
31758
18427
34105
18503
8600
6400
1620
218
779
3430
18904
3768
5464
3335
14977
7878
4717
12893
4537
19071
1245
35831
5582
20930
14363
8481
16201
2230
10051
2061
11957
17396
11090
8618
8749
20150
1310
24139
7810
437
7427
5665
677
8570
7266
4424
8352
26249
3182
12492
17931
25091
32758
737
6550
23226
2554
10004
5884
4814
6918
10391
1296
25053
1912
3024
10160
11521
11331
1416
18842
1215
121
478
25220
13173
25107
23520
17516
8925
18561
24106
8177
2224
14238
2313
10770
5698
7412
20838
163
11502
27663
35042
10399
11535
598
18803
10741
680
20874
23135
26777
20644
2606
38021
1601
29870
984
9642
3531
11899
12947
13767
23253
6314
37097
22601
23487
1122
19462
22725
27334
19849
3898
4976
2032
15158
2492
28706
2623
25654
28906
4823
15857
13336
19797
9670
6033
6285
13518
5492
2729
6562
27082
13729
2186
22344
549
3663
2429
4706
20417
901
12473
16987
917
31924
12455
2039
6728
25051
22252
23383
947
3438
7079
1000
17294
26593
26565
24461
214
3180
23838
226
19436
20133
171
2995
25534
14119
6779
8437
5224
2073
5246
24885
15745
13113
12530
26873
1328
13604
12612
26796
5702
235
8265
27742
31214
1620
3739
25578
2032
2744
15451
32722
14286
9075
8
9636
1771
28425
34393
8409
15521
9799
9082
15239
32994
6941
14473
1516
6069
14429
12755
3370
28473
24251
1299
36666
17306
3538
936
27250
6477
4424
22777
15702
2341
32021
10089
17474
4364
6451
3174
17643
4612
11655
3493
2725
13326
16136
6594
31161
22617
7187
3559
5023
18858
5378
11893
10149
25202
2075
16482
23216
13730
8320
16586
13485
3919
22752
2849
3741
24260
20883
5436
6803
6403
21502
8467
385
2850
1776
4895
14215
17597
15239
13090
3949
25410
5684
22770
247
28805
4613
12654
17024
4621
22345
28044
2951
9747
24194
12601
7134
6478
12522
2849
1261
19717
7945
12385
26539
15379
24078
28852
8763
15344
6590
3408
15429
8609
9386
13289
24359
30863
10380
5860
53
7757
4820
5859
16670
25120
11047
11491
21144
5510
5511
17535
23876
1656
11963
6553
22212
20282
14797
4050
9908
19134
12103
5029
3983
5089
4198
26560
10123
440
1296
17780
2602
19711
8537
14780
16555
3468
23853
29726
2155
25918
6996
30607
5809
5442
30060
12569
10299
9766
14460
29398
14186
21430
16730
9319
18967
279
10215
10498
17615
20486
12623
17848
4096
18902
7480
11291
15515
16977
4345
18230
6910
190
19649
9840
10424
15221
7144
5831
192
16926
4328
14382
852
19635
832
18034
29221
22793
4331
11802
29587
21849
26742
2108
3775
12076
1199
24234
18661
12675
1838
16443
2901
9482
20410
2599
13461
32423
16643
3424
1923
22889
18398
7238
13752
429
13022
7200
16600
12247
13460
3207
1796
5673
8491
5077
1598
2377
11435
8772
2800
2889
2330
16081
2568
9665
15005
29822
4097
10947
23154
5031
31347
28503
17381
14767
19995
10251
16314
13774
16748
29454
7893
18481
12301
11874
5784
620
6001
1756
24004
16886
26926
4209
1478
6443
21166
17499
20676
11232
5483
5900
30663
3746
30385
1429
15253
17562
14857
23178
4349
25908
15459
22241
7276
23426
3470
371
14412
10169
372
18179
17415
27644
13435
17232
12830
13102
11799
10657
31864
11923
7139
28024
17551
9541
25827
7896
13651
3921
6137
6241
11668
20310
2251
4597
4732
21022
4897
20198
3880
4449
21590
17209
18938
266
13186
2397
7477
15730
28323
8323
7650
20988
886
22608
7826
5756
8656
3825
35159
24988
14113
12823
6980
14819
10863
29892
3476
15663
28404
13719
25457
9012
10527
15214
11117
669
31491
1640
71
8868
1990
20139
8429
13663
24593
399
10128
13948
14978
9044
12104
26389
16098
25704
7044
6606
10995
15848
17396
2048
12215
13794
6236
7551
16235
28521
8593
2837
11586
17849
4679
598
12214
5555
841
31103
6809
4000
10489
4987
5670
15710
28681
3730
3399
21365
3752
555
20141
1945
8519
2697
15250
21872
1589
16579
10396
22800
10358
5877
10416
17557
15008
213
21499
11797
5424
11122
11432
7224
28369
9270
18803
14936
5616
16586
20600
11793
16210
7555
9188
20553
21337
23826
14268
13973
2163
8499
23351
11340
3857
9782
23490
25703
23420
20675
13948
5774
11726
9750
31529
30512
2468
3059
3295
3074
4245
14080
6627
23112
21757
9323
3204
17721
7264
22046
9608
6202
33601
6645
5902
3125
14837
36804
8253
6436
20347
5239
14112
30483
20228
9545
21559
7069
14459
4473
20210
6540
23874
13161
7391
31727
22951
6117
11921
18922
1203
12510
14102
2238
28599
13416
6276
1494
7605
26623
254
13731
16412
3930
9264
3584
9396
10336
22332
6618
5975
4692
34117
5778
27698
5861
6041
8569
16809
4790
1302
12222
8712
8867
5969
35581
8026
26131
25807
23755
2415
20468
11380
976
11744
21577
10622
1571
15842
12833
23646
26949
9251
1360
6724
8955
16547
19322
22609
6629
4649
32896
2563
28825
9549
11777
4610
20917
12721
34071
27026
1018
15408
14777
9184
18949
18645
3060
12167
9479
19631
11040
3373
15323
5842
7076
17750
14609
5998
5484
18825
21384
244
195
25030
2582
3069
3917
15931
26555
2405
1766
7933
16563
3324
2750
2396
28712
20162
19107
18986
15491
8853
20956
23776
2007
11558
2649
8703
21496
6309
2946
17329
9677
4421
23581
23196
16769
9211
18594
4875
6851
3626
8000
4217
4841
16330
32041
6141
5888
18879
5887
1679
30898
3494
21470
19778
15607
15351
2282
6535
149
12346
25670
15643
14789
16312
8034
15112
13843
5912
951
6465
31192
2152
2011
4918
7993
9369
2818
17498
8887
4645
12447
8256
3929
9695
5055
303
10347
1810
21591
16927
28862
11664
18018
6792
4988
4083
17287
4689
1822
2271
19949
30477
9251
22192
6364
19182
8387
33414
8015
642
13538
13181
12634
2849
7630
162
27746
11229
29771
8077
24017
9049
4607
20358
22543
14769
25173
16497
10446
10870
15383
10711
29422
26034
17185
4236
11110
26072
7580
14908
34119
11590
7006
10887
793
10961
5041
26777
20056
24834
20435
22907
9687
3335
25804
15505
9490
2340
5307
6560
8985
18338
25266
28112
21219
30975
6766
4781
1818
8380
4102
731
1599
8284
23268
641
17364
14536
14405
17668
23623
23521
137
20413
15705
2026
23984
12904
26278
15616
26690
22699
22495
17123
25242
16116
27699
18505
17
5169
12660
27235
74
15455
22894
9403
3377
6192
12096
27401
12562
8375
14372
7086
15503
3426
9172
5449
2814
1941
24734
10687
517
2008
14504
21415
22604
7132
17209
22402
16840
26142
28412
504
16668
7571
8842
15105
27193
26954
34827
15256
17555
5277
2241
10388
12634
6695
6813
15145
128
32450
9495
11854
4970
21577
12179
727
32179
17427
20166
12164
22122
6306
15123
8869
4232
21855
3322
2245
15609
34260
6340
24780
1695
4607
32623
19238
3143
9315
2593
17158
12260
19193
6918
12786
5162
11650
2683
5592
35186
17168
21188
6158
32049
24834
26708
4843
876
6204
4343
1039
7021
18033
5301
4459
12389
9934
11130
10004
13410
8597
6734
11941
9504
3664
28229
3865
33228
20509
7879
19851
25954
711
20261
9245
18832
33402
5131
24149
12982
4717
14530
22111
13547
29872
3607
15268
3252
1947
7074
18480
1768
16238
31718
7869
381
5920
3390
8529
24844
2598
9618
12964
3347
17299
9450
2707
19125
18852
12443
23397
3890
1316
7566
17028
11187
15572
21334
8690
24379
19364
21931
6253
5596
31057
3184
17299
18369
5443
33166
9849
16909
3477
32610
31386
4516
10613
4433
5054
20100
9179
3129
1529
13195
3322
14242
2181
14606
27308
17141
2811
13713
19637
13685
5762
17555
1733
1703
26999
925
26227
4605
17073
14822
1561
14125
14031
3411
27686
17184
32730
11890
29536
742
22973
20347
11261
22416
8063
24394
13252
13182
29721
5742
33654
1656
430
22088
13631
4608
2935
2098
12611
3188
21729
26904
4031
9992
3750
20494
12182
967
87
13151
22664
18064
8159
12438
12862
7696
21261
271
25919
29183
2696
29440
16798
25487
12254
7689
32419
25684
7674
4384
8027
8193
3692
1233
9793
3781
537
2873
5784
20714
31010
9224
13730
19890
34018
10637
26034
2573
552
5892
91
3413
25320
133
15211
22571
2152
8894
8222
18075
10174
10261
11225
3088
9441
11036
9790
5331
13652
13703
10965
30120
18860
25966
24965
20192
20263
8028
22273
26664
19594
14980
27952
7262
16935
13481
3492
16646
7973
14910
23629
10310
14626
9836
8202
6364
14018
18607
21692
18702
11325
26100
23257
12460
7540
11291
26746
31296
6096
31119
2908
20362
8922
1409
21296
11229
10781
14517
20078
1231
3297
8374
3297
16350
5334
10259
10492
1890
6216
17658
10945
5974
28885
13523
10993
24636
691
15574
2815
9397
4619
30587
7625
5432
35341
6654
2200
24918
488
1576
22101
26080
2320
16795
14338
11677
13047
22320
6919
27281
26167
9486
11
1077
11778
10353
6585
22223
19508
432
1565
16503
34230
15510
2293
9090
14573
30740
17999
13532
6519
1343
19467
3006
15993
6818
2942
1864
9024
30261
14905
7000
701
2954
16234
3909
9091
6435
19473
16151
26171
6847
2733
18720
9966
4133
7723
2824
17534
13592
3321
26451
25330
5734
14584
3675
22107
311
6454
9153
4720
22351
22114
7739
2732
5146
10382
19173
855
17194
11389
2251
4074
16064
362
15849
18056
8936
6618
3511
2619
5675
16554
28941
16446
15544
4359
32951
2243
10960
1110
24434
5317
15879
14450
2053
11402
11358
34981
32848
5632
8407
34
16761
15769
30558
3823
14965
31531
24207
28003
26603
19623
4552
9196
4257
29703
14972
27566
4194
2349
3479
9849
611
421
24068
11874
16496
10863
12564
18106
21719
13882
7354
8567
19099
26942
14805
23171
17991
11061
28641
1932
434
21829
3364
14205
17238
13842
1105
4100
5017
1882
13886
966
21721
122
15570
5896
3203
15695
10072
2714
12567
5490
16445
19531
1985
34526
2783
19256
3358
12513
1165
2172
5715
21274
25141
7141
9534
18078
15678
5652
11621
3537
16034
7967
6070
6025
14208
10355
6453
15527
11740
3971
7924
19698
17524
2487
12105
8937
2941
8081
5064
12085
7434
29183
21730
2126
4730
27421
513
24199
842
27877
2717
14257
95
4535
4542
8712
12361
33206
15324
3852
22722
9598
8354
24668
17033
16444
23340
34592
8009
18772
1226
4819
13940
26339
30738
17667
7308
8046
167
25277
30109
6890
9086
1067
19194
31213
31934
17524
18038
16436
21041
4926
28572
1668
17483
28867
1508
1534
21263
21017
15409
3033
22564
16202
2169
14252
1594
24218
25115
10488
32771
1198
9631
21281
8743
5628
24060
817
15
13877
9893
268
17207
9720
3185
503
18170
4744
11177
5391
253
15007
10118
11432
660
9747
2560
6826
12761
90
12094
23103
17212
14662
7550
22510
19276
20932
18414
2903
7643
460
2846
15735
25401
15730
10649
18788
28435
20633
2763
1173
27200
10448
12627
11371
26041
5480
7471
5694
4017
25358
6444
29322
3300
9759
2739
14302
4814
18578
10343
33719
2823
1836
28853
1663
3540
5520
9360
30385
6236
28826
26357
28176
35212
27001
22347
28251
10825
27227
6106
19637
8206
9809
1680
2569
3107
6246
21716
10156
10339
4386
19324
3171
2426
17734
8452
11079
996
6888
11056
15127
16659
16397
18077
13173
19366
18818
12039
8194
19013
9048
13660
7273
584
34370
3626
21397
13276
170
5666
1427
5489
24018
2672
11716
11180
22919
17559
28721
4623
16694
15979
7125
7174
8534
7979
21864
17771
540
19613
711
371
16270
5097
1370
19452
30216
8632
24288
11673
3298
14311
11638
18701
2417
20984
25128
30402
31014
14142
11957
5859
24392
7817
10606
22093
6785
23977
14590
1177
20738
2422
5210
25715
7
6136
14400
24582
20591
9450
23796
20082
2127
4170
3051
20394
16998
1664
1206
17199
22931
10095
2333
5913
31343
27544
2393
31448
29527
32059
19425
17330
31385
22325
20194
4281
18786
9437
24811
3551
21603
12964
14426
2849
8597
28708
14721
16782
7075
8522
34205
1616
26129
22811
7386
23375
23513
6551
27795
2657
21922
2102
16832
5706
6758
21936
18889
11678
18000
4036
27562
20991
1196
19583
19006
17758
12790
15793
457
23902
3660
18726
14686
18644
5851
22658
5634
1268
14060
4551
31350
9953
12088
9327
1637
6986
11277
27072
2414
11070
2954
19598
6085
22401
20840
8238
15285
11435
10027
25741
1607
7387
12636
4428
2941
25125
12138
12381
5032
9244
10370
1221
11518
2805
7780
20336
4266
7930
21686
20598
27113
24509
11662
3316
10934
461
3787
25657
17320
2264
5750
13594
9139
1296
23279
22749
6446
10696
3971
1736
15695
6856
13704
23852
3754
17085
15292
31247
9959
1756
7071
2541
21789
11532
12943
2532
75
22292
29144
7563
14761
5736
6036
22073
15387
26845
907
26870
9777
5055
15129
13842
5475
20687
17472
7810
2745
1922
11989
630
29458
22219
7699
19246
14175
2508
13924
3410
7751
415
14604
4645
28454
10601
2060
20788
10771
14349
21805
28549
10338
10769
12646
17274
19951
8589
16983
13332
3956
3561
7251
11237
9931
18184
18958
527
4591
5026
8394
389
7693
31149
4646
19752
8772
2714
25976
3399
17504
1109
22766
22541
13252
1535
13733
54
3388
15828
22197
1665
2656
15344
3130
976
22262
23588
3568
4337
12660
28108
7274
23846
14598
23377
26668
7174
18716
22538
2575
17977
45
904
8348
3790
24363
24436
13512
11324
13906
4979
17660
8010
23915
20582
5027
33819
24224
14779
25827
7469
9095
11585
2298
3065
7856
21935
6748
2586
15404
2917
288
28266
3668
5074
1069
2606
11107
26611
20609
17569
16136
4800
22915
34338
7521
8975
12610
5662
27883
5890
5029
19031
11997
10304
7100
518
3260
12204
2531
9012
8013
22132
25140
14787
6679
2413
12370
18099
9279
17409
22994
17889
27643
9436
10105
21692
32843
723
32544
12244
13238
12298
7066
989
19401
24762
19174
17019
4941
13329
5950
27822
18945
18596
6953
4297
7599
7439
16712
22229
19620
6093
4804
10729
3341
154
10496
17785
13613
351
6867
7601
1507
1878
14562
27164
14926
1559
10843
20762
13611
1495
480
18439
12228
5599
15592
16359
16595
7003
35819
4332
8820
20038
7609
15862
10387
3513
27368
8342
2976
6551
4375
8601
11876
6026
12023
22310
18502
24326
4421
20319
6146
11378
1898
10697
1802
13030
7672
9077
34009
2085
7220
28110
8763
5198
2622
25417
3207
29010
25409
11612
12980
1704
23429
3628
1967
10441
6047
29943
17600
2707
13095
21953
23038
5414
19163
27894
22821
10316
14802
12943
21426
14357
7419
3274
6268
23175
16890
18845
13777
7154
9312
841
15022
188
11666
88
25311
904
15583
11406
3103
17315
9524
9289
1580
1262
2938
5354
3798
22068
1192
1446
3382
18145
20939
16511
8251
11523
2906
18973
1708
35125
12856
5405
10655
4402
993
9188
29470
30783
16979
20691
12786
12787
8044
9659
32563
1511
16360
100
13344
14980
520
4410
21353
23591
10974
320
22639
1544
13464
15018
747
13641
2728
25804
2492
12002
14877
22164
6684
7704
5960
7396
16835
7091
11588
4404
1708
26754
4461
12479
21947
12138
3359
694
502
832
227
19467
3720
1051
20424
11181
2512
18898
9928
13956
31148
20603
30018
5533
14298
20501
16481
12264
18734
16137
4259
14112
36328
11884
8361
19431
18170
7548
10090
32703
18396
12023
4963
23791
1747
1855
4380
24991
3051
16433
17207
7922
12296
16030
6084
26086
387
15900
11262
8186
29417
12021
14528
15775
7084
7988
30328
379
29941
2716
19653
11974
9078
12507
33499
15865
16568
10896
2417
5166
9191
22006
11461
9917
17066
19213
9400
2006
10169
9577
11723
18363
27115
16651
18127
6646
11921
10282
15978
26062
28030
21283
23034
5910
3943
5358
11408
9190
146
18313
9774
412
8038
5378
20406
6478
22782
1061
4934
26933
2239
9629
8497
1267
4017
4499
6728
16318
27117
4136
1527
22002
11446
22451
10115
1385
27765
13665
15534
14637
10811
8803
6752
5169
23475
2163
32865
16886
19481
23713
28783
14415
20957
2578
11570
11666
24944
1563
19515
19014
941
8015
4108
904
11488
12781
23942
10069
38248
5276
29029
10874
5540
2961
2281
29914
37640
4671
5835
1897
8385
6419
10002
6269
30297
15149
30296
1857
8575
3663
1665
11127
3833
28218
6419
743
12608
17806
28266
9578
8860
11258
11671
23048
31855
31945
6265
2103
790
32469
21032
12965
5273
5157
17154
4954
10073
20212
14719
30413
17525
10774
4583
1048
412
23375
627
20040
26098
24930
20923
19396
12978
15879
298
33612
28147
23691
23611
21584
4126
18138
11297
5265
3626
29830
1803
11036
5873
3435
16299
18752
4154
11160
5816
35504
22975
18324
12779
20995
15594
3498
29226
3164
14157
7245
3610
9540
1183
11140
7994
35006
27272
2319
21232
11492
1055
26938
5852
3007
621
75
6994
5998
988
24785
14380
22372
22814
5331
2737
24245
2323
31792
5833
492
31190
9433
7569
13101
10414
4080
5774
16952
500
3849
19828
3151
11195
11493
4850
7227
26629
19502
4402
3109
1135
6997
1618
14919
18441
35163
26511
10840
14376
4461
20475
3303
22381
11107
18855
14027
18655
1896
31124
28248
19893
1483
8236
1511
18401
1961
3594
8366
16086
32496
3317
7392
4813
7813
11728
16267
8111
31849
8699
29368
3208
723
1348
7669
2741
28283
19832
8200
1210
5281
25249
2512
19111
10153
4171
6402
27602
22135
5406
10397
17828
15539
1905
6167
8765
29567
4968
27623
35218
10246
6519
13441
22805
9805
23037
20931
15968
10611
11854
7709
24774
20566
11824
5336
14318
13001
4947
25619
14896
32359
2109
6587
7881
12862
12634
4507
6850
21087
7010
17989
7441
22741
8014
5984
11510
17290
24056
14589
15926
17683
15501
1852
3289
18344
1279
319
1427
3915
6334
12216
17665
27835
23696
29367
15268
9027
7127
12588
24522
20686
465
19644
27394
8131
14591
13620
27430
5195
20268
29796
10041
19846
11241
6581
4058
7380
27325
15409
2926
15038
4486
20215
341
21990
5559
1511
10991
22841
17384
4415
10197
5796
12848
8922
9185
19369
9254
15407
2656
12827
7254
1118
12797
6674
13523
11660
11784
27496
5119
24795
2525
11738
32347
5432
16592
13813
6273
30182
8794
32725
18831
468
17864
8936
1831
15876
14221
16123
10088
14921
11963
22086
16092
8605
30634
907
12354
20059
1661
12935
5423
4746
24991
12847
682
3155
14670
12525
1348
24436
22437
14556
4576
15336
8857
24642
12693
13493
28619
11903
19932
6688
19380
16826
32563
20898
13926
6595
2779
26721
3518
9891
22039
3034
9791
18050
30541
30153
681
1541
7968
4081
27015
26877
26665
5623
15855
10302
17527
16352
9855
11253
39
22518
25838
1980
5464
2286
13645
8665
5296
7480
21747
2
16046
7281
7418
15447
29410
28482
18305
6494
16269
14246
7502
18092
17374
20064
2628
21240
10103
19732
11959
33023
21181
12233
6050
11699
806
18168
28305
24838
32889
2035
12444
3413
28299
4809
12548
7803
14096
24224
1217
25800
17726
8742
13386
9258
6552
26204
2110
4215
13680
17248
10569
71
196
7314
8016
2832
3975
37036
591
6803
6184
25809
14239
3377
7174
18271
25783
12176
1150
6255
5965
20865
9519
15243
14063
24310
4419
26800
11389
13299
25047
16352
10272
10836
18299
2800
17686
10781
16720
1781
1031
15630
7433
21200
24839
24009
28728
9532
238
7776
933
5386
12618
8070
12960
12652
24054
8279
3513
34540
12654
31516
6865
1058
8324
10919
136
8064
29177
11783
8394
10166
7871
11341
8905
32235
13010
12842
25142
11102
12195
2775
16958
20101
36257
15413
85
18974
6504
8542
25037
8218
2423
13950
4791
10017
11369
10195
9908
16134
13808
11149
5115
7864
29314
15633
34294
15460
10772
15740
3966
22352
24475
1170
12794
13213
31698
8648
13811
2225
2941
4508
7580
32102
10330
17995
19243
5425
2740
6458
20861
8868
35732
14593
254
15638
5771
5525
13873
1503
35115
8245
10513
7175
18265
6292
31391
8969
1605
27134
9812
2729
16615
7216
3235
7039
31440
6750
150
15846
11450
7559
13975
8053
14867
17781
21950
11364
20796
6760
12318
7533
6037
1398
7180
21389
4590
3281
1613
14325
15992
11631
3847
2965
1733
31433
23221
9983
22476
99
11628
3307
5737
16936
33857
19896
28314
1351
9262
8581
12335
26404
13597
28363
15744
4079
4957
2093
30275
24515
23415
23138
13804
12548
4154
18371
12842
8918
15943
7513
6311
5712
318
3897
29166
4498
4704
9806
17293
18215
7009
37304
5858
10970
19876
28554
16164
29277
3798
906
7249
8827
31184
30774
12927
30136
4394
31377
9146
2637
22647
27062
181
7321
29258
27955
12618
11391
19969
14973
27183
568
6279
9196
8525
19641
7302
8814
16471
17138
14396
21390
27262
15430
9118
3214
11774
26540
31363
1220
4991
24176
11379
16210
10124
970
24118
2557
11497
6466
16318
18954
19459
442
31821
28839
8658
4739
2402
16989
3510
7179
23659
7466
15140
1009
8986
9696
2199
4571
5341
7160
10111
5198
31325
33388
15107
19188
8989
23572
11775
34094
12861
5519
4557
31294
6616
8615
963
13022
23891
13894
4705
11510
28749
63
17638
16270
14349
12954
4795
27643
18588
31877
20863
4
16243
1469
25391
22963
3324
1250
37447
8749
15293
24442
19648
2618
6224
21464
10671
14440
2796
2805
23669
17643
3321
7024
15482
2860
16929
15365
11362
28946
9417
16945
4974
18246
5940
19768
7454
1710
4240
5732
29090
6834
4145
27220
1884
3024
19331
21777
7525
21895
19806
13921
5623
11262
8904
25849
14743
1038
8001
27071
15914
21617
5738
18543
15263
14456
1424
8726
14504
25800
1861
13020
29798
28807
9406
26392
2946
11275
10721
8813
9707
15357
19705
11478
9509
13660
27995
13425
29630
34254
13288
11887
4085
10418
7298
5160
4584
24332
1716
23445
12433
35239
5175
22235
5390
5975
10017
16092
1789
1974
14707
27931
11803
11297
22775
697
9528
14368
22120
13369
10349
11968
3770
24701
11140
2155
14679
10056
15699
20295
69
3517
9571
24914
30915
8605
21698
1457
4835
22386
17581
8231
17594
25918
10194
16262
5773
32599
2678
8027
11087
2012
3101
17624
11093
24792
24581
31499
17284
5001
4532
7654
18943
8207
31645
10380
17366
7823
6159
13159
27087
19778
9052
1968
27300
24209
12770
6473
15013
365
3141
1126
22017
252
5617
20682
19178
11588
28602
12322
20565
15559
3964
9352
9875
12269
447
20960
2584
23258
14438
27667
27636
6359
29770
2663
1506
2389
5940
11262
24659
6757
28963
23413
19744
6631
2583
8477
5642
7842
18972
11426
10646
17395
25760
21344
8301
29649
29962
14876
16720
3825
26649
14485
4693
3261
8734
9527
19856
2037
3519
14880
33590
13412
5874
12333
4133
4604
2069
1981
33535
1833
6939
12000
5394
3701
2773
18420
2714
14974
5305
3544
1134
16694
25238
3391
18831
4792
12919
17223
3652
16786
22046
1355
3062
8234
5885
1083
10478
14803
11837
1294
14476
12679
1207
18177
22802
5155
416
27516
28945
12393
20610
7632
13493
5060
19874
18269
3638
19543
10946
15803
6332
31287
2036
5024
13458
8618
29277
23003
20165
3565
27018
21221
20287
13906
31716
3879
20422
37334
18358
5825
11274
33544
410
27117
22394
22115
13091
133
4338
15329
6313
9931
17184
23874
15140
17842
26186
5142
28102
15724
25707
263
10112
5706
13425
149
468
9144
2994
25422
27851
18729
5986
13219
11205
4576
25156
2308
15055
6104
18421
6045
6723
23486
33538
22898
29047
2525
2295
6645
3026
15798
25298
3764
13524
7736
9472
10617
1589
3170
3134
8820
11851
7012
4556
4777
10966
21451
6627
7528
5772
18284
15386
13936
21770
26052
2496
26406
1285
768
20677
13452
6078
32923
9682
15945
12251
18729
29567
5679
22626
21863
18232
7228
24150
31329
9149
2736
4432
5981
11846
1514
3435
26127
2915
16519
19508
16593
18520
2276
3346
12376
13627
5422
8983
14876
31741
14307
32690
4297
5615
5532
11252
3619
3894
13006
22793
3407
19988
17335
19539
3047
8865
4326
6634
9413
21978
3970
1617
23264
4138
1773
9094
32224
14749
25652
11178
12145
292
10904
3137
1298
28014
13758
16442
14323
12812
1190
18585
8335
4259
22194
6154
25082
15823
2318
6168
8563
23225
4151
15773
1341
9065
11409
11148
26824
1429
16416
1769
18196
489
9850
5208
98
14000
33782
5971
