196
1 2 3 4 5 6 7 8 9 10 11 12 13 14 15 16 18 28
1 3 5 7 9 11 13 15 17 22 28
1 4 6 8 10 12 14 16 19 20 28
1 5 8 11 14 17 23 28
1 6 9 12 15 18 19 20 23 28
1 7 10 13 16 20 24 25 28
1 8 12 16 21 28
1 9 13 17 24 28
1 10 14 18 19 21 28
1 11 15 19 21 22 28
1 12 17 25 28
1 13 18 19 22 28
1 14 19 21 23 28
1 15 20 24 26 28
1 16 22 28
1 17 26 28
1 18 19 23 28
1 19 21 24 28
1 20 24 27 28
1 21 28
1 22 28
1 23 28
1 24 28
1 25 28
1 26 28
1 27 28
1 28
1 2 4 7 11 16 23 28
1 2 5 9 14 20 24 28
1 2 6 10 15 21 28
1 2 7 12 18 19 24 28
1 2 8 13 19 21 25 28
1 2 9 15 22 28
1 2 10 16 24 28
1 2 11 17 27 28
1 2 12 19 21 26 28
1 2 13 20 25 26 28
1 2 14 21 28
1 2 15 23 28
1 2 16 25 28
1 2 17 28
1 2 18 19 25 28
1 2 19 21 27 28
1 2 20 25 27 28
1 2 21 28
1 2 22 28
1 2 23 28
1 2 24 28
1 2 25 28
1 2 26 28
1 2 27 28
1 2 28
1 3 6 11 18 19 26 28
1 3 7 13 21 28
1 3 8 14 22 28
1 3 9 16 26 28
1 3 10 17 18 19 21 28
1 3 11 19 22 23 28
1 3 12 20 25 28
1 3 13 22 28
1 3 14 23 28
1 3 15 24 28
1 3 16 27 28
1 3 17 18 20 26 27 28
1 3 18 19 27 28
1 3 19 22 24 28
1 3 20 26 28
1 3 21 28
1 3 22 28
1 3 23 28
1 3 24 28
1 3 25 28
1 3 26 28
1 3 27 28
1 3 28
1 4 8 15 25 28
1 4 9 17 18 21 28
1 4 10 18 19 28
1 4 11 20 27 28
1 4 12 21 28
1 4 13 23 28
1 4 14 24 28
1 4 15 26 28
1 4 16 28
1 4 17 18 22 28
1 4 18 20 21 28
1 4 19 22 25 28
1 4 20 28
1 4 21 28
1 4 22 28
1 4 23 28
1 4 24 28
1 4 25 28
1 4 26 28
1 4 27 28
1 4 28
1 5 10 19 22 26 28
1 5 11 21 28
1 5 12 22 28
1 5 13 24 28
1 5 14 25 28
1 5 15 27 28
1 5 16 17 18 20 22 28
1 5 17 18 23 28
1 5 18 20 23 28
1 5 19 22 27 28
1 5 20 28
1 5 21 28
1 5 22 28
1 5 23 28
1 5 24 28
1 5 25 28
1 5 26 28
1 5 27 28
1 5 28
1 6 12 23 28
1 6 13 25 28
1 6 14 26 28
1 6 15 28
1 6 16 17 19 22 28
1 6 17 18 24 28
1 6 18 20 24 28
1 6 19 23 24 28
1 6 20 28
1 6 21 28
1 6 22 28
1 6 23 28
1 6 24 28
1 6 25 28
1 6 26 28
1 6 27 28
1 6 28
1 7 14 27 28
1 7 15 16 17 18 25 28
1 7 16 17 20 28
1 7 17 18 26 28
1 7 18 20 25 28
1 7 19 23 25 28
1 7 20 28
1 7 21 28
1 7 22 28
1 7 23 28
1 7 24 28
1 7 25 28
1 7 26 28
1 7 27 28
1 7 28
1 8 16 17 21 28
1 8 17 18 27 28
1 8 18 20 26 28
1 8 19 23 26 28
1 8 20 28
1 8 21 28
1 8 22 28
1 8 23 28
1 8 24 28
1 8 25 28
1 8 26 28
1 8 27 28
1 8 28
1 9 18 20 27 28
1 9 19 23 27 28
1 9 20 28
1 9 21 28
1 9 22 28
1 9 23 28
1 9 24 28
1 9 25 28
1 9 26 28
1 9 27 28
1 9 28
1 10 20 28
1 10 21 28
1 10 22 28
1 10 23 28
1 10 24 28
1 10 25 28
1 10 26 28
1 10 27 28
1 10 28
1 11 22 28
1 11 23 28
1 11 24 28
1 11 25 28
1 11 26 28
1 11 27 28
1 11 28
1 12 24 28
1 12 25 28
1 12 26 28
1 12 27 28
1 12 28
1 13 26 28
1 13 27 28
1 13 28
1 14 28
