225
1 2 3 4 5 6 7 8 9 10 11 12 13 14 15 16 17 19 29 30
1 3 5 7 9 11 13 15 17 20 21 28 30
1 4 6 8 10 12 14 16 18 23 30
1 5 8 11 14 17 21 24 26 30
1 6 9 12 15 18 24 30
1 7 10 13 16 19 30
1 8 12 16 20 21 29 30
1 9 13 17 22 30
1 10 14 18 25 30
1 11 15 19 20 21 24 27 30
1 12 17 23 30
1 13 18 26 30
1 14 19 20 22 30
1 15 20 21 30
1 16 21 24 28 30
1 17 24 30
1 18 27 30
1 19 20 23 30
1 20 22 23 30
1 21 24 29 30
1 22 30
1 23 30
1 24 30
1 25 30
1 26 30
1 27 30
1 28 30
1 29 30
1 30
1 2 4 7 11 16 22 30
1 2 5 9 14 20 22 24 30
1 2 6 10 15 21 24 30
1 2 7 12 18 28 30
1 2 8 13 19 20 24 30
1 2 9 15 22 30
1 2 10 16 23 30
1 2 11 17 25 30
1 2 12 19 20 25 30
1 2 13 20 22 25 30
1 2 14 21 25 26 30
1 2 15 23 30
1 2 16 24 30
1 2 17 26 30
1 2 18 29 30
1 2 19 20 26 30
1 2 20 22 26 30
1 2 21 25 27 30
1 2 22 30
1 2 23 30
1 2 24 30
1 2 25 30
1 2 26 30
1 2 27 30
1 2 28 30
1 2 29 30
1 2 30
1 3 6 11 18 30
1 3 7 13 21 25 28 30
1 3 8 14 22 30
1 3 9 16 25 30
1 3 10 17 27 30
1 3 11 19 20 27 30
1 3 12 20 22 27 30
1 3 13 22 30
1 3 14 23 30
1 3 15 24 30
1 3 16 26 30
1 3 17 28 30
1 3 18 19 20 22 28 30
1 3 19 20 28 30
1 3 20 22 29 30
1 3 21 25 29 30
1 3 22 30
1 3 23 30
1 3 24 30
1 3 25 30
1 3 26 30
1 3 27 30
1 3 28 30
1 3 29 30
1 3 30
1 4 8 15 25 30
1 4 9 17 29 30
1 4 10 18 19 21 25 30
1 4 11 20 22 30
1 4 12 21 26 27 30
1 4 13 23 30
1 4 14 24 30
1 4 15 26 30
1 4 16 27 30
1 4 17 30
1 4 18 19 22 30
1 4 19 20 29 30
1 4 20 23 24 30
1 4 21 26 28 30
1 4 22 30
1 4 23 30
1 4 24 30
1 4 25 30
1 4 26 30
1 4 27 30
1 4 28 30
1 4 29 30
1 4 30
1 5 10 19 20 30
1 5 11 21 26 29 30
1 5 12 22 30
1 5 13 24 30
1 5 14 25 30
1 5 15 27 30
1 5 16 28 30
1 5 17 18 19 21 22 30
1 5 18 19 23 30
1 5 19 21 23 30
1 5 20 23 25 30
1 5 21 26 30
1 5 22 30
1 5 23 30
1 5 24 30
1 5 25 30
1 5 26 30
1 5 27 30
1 5 28 30
1 5 29 30
1 5 30
1 6 12 23 30
1 6 13 25 30
1 6 14 26 30
1 6 15 28 30
1 6 16 29 30
1 6 17 18 20 23 26 30
1 6 18 19 24 30
1 6 19 21 24 30
1 6 20 23 27 30
1 6 21 27 28 30
1 6 22 30
1 6 23 30
1 6 24 30
1 6 25 30
1 6 26 30
1 6 27 30
1 6 28 30
1 6 29 30
1 6 30
1 7 14 27 30
1 7 15 29 30
1 7 16 30
1 7 17 18 21 27 29 30
1 7 18 19 25 30
1 7 19 21 25 30
1 7 20 23 28 30
1 7 21 27 30
1 7 22 30
1 7 23 30
1 7 24 30
1 7 25 30
1 7 26 30
1 7 27 30
1 7 28 30
1 7 29 30
1 7 30
1 8 16 17 18 19 26 30
1 8 17 18 22 30
1 8 18 19 27 30
1 8 19 21 26 30
1 8 20 23 29 30
1 8 21 28 29 30
1 8 22 30
1 8 23 30
1 8 24 30
1 8 25 30
1 8 26 30
1 8 27 30
1 8 28 30
1 8 29 30
1 8 30
1 9 18 19 28 30
1 9 19 21 27 30
1 9 20 23 30
1 9 21 28 30
1 9 22 30
1 9 23 30
1 9 24 30
1 9 25 30
1 9 26 30
1 9 27 30
1 9 28 30
1 9 29 30
1 9 30
1 10 20 24 25 30
1 10 21 29 30
1 10 22 30
1 10 23 30
1 10 24 30
1 10 25 30
1 10 26 30
1 10 27 30
1 10 28 30
1 10 29 30
1 10 30
1 11 22 30
1 11 23 30
1 11 24 30
1 11 25 30
1 11 26 30
1 11 27 30
1 11 28 30
1 11 29 30
1 11 30
1 12 24 30
1 12 25 30
1 12 26 30
1 12 27 30
1 12 28 30
1 12 29 30
1 12 30
1 13 26 30
1 13 27 30
1 13 28 30
1 13 29 30
1 13 30
1 14 28 30
1 14 29 30
1 14 30
1 15 30
