552
1 2 3 4 5 6 7 8 9 10 11 12 13 14 15 16 17 18 19 20 21 22 23 24 25 26 29 30 33 39 43 47
1 3 5 7 9 11 13 15 17 19 21 23 25 27 34 46 47
1 4 6 8 10 12 14 16 18 20 22 24 26 30 31 45 47
1 5 8 11 14 17 20 23 26 31 33 45 47
1 6 9 12 15 18 21 24 27 35 47
1 7 10 13 16 19 22 25 28 41 47
1 8 12 16 20 24 28 42 47
1 9 13 17 21 25 29 30 34 47
1 10 14 18 22 26 32 36 39 47
1 11 15 19 23 27 36 47
1 12 17 22 27 37 47
1 13 18 23 28 43 47
1 14 19 24 29 30 35 47
1 15 20 25 30 31 46 47
1 16 21 26 33 39 44 47
1 17 23 29 30 36 47
1 18 24 30 31 47
1 19 25 31 33 46 47
1 20 26 34 47
1 21 27 38 47
1 22 28 44 47
1 23 30 32 33 39 45 47
1 24 31 33 47
1 25 32 36 40 47
1 26 35 47
1 27 39 47
1 28 45 47
1 29 30 37 47
1 30 32 34 47
1 31 34 35 47
1 32 36 41 47
1 33 39 46 47
1 34 47
1 35 47
1 36 47
1 37 47
1 38 47
1 39 47
1 40 47
1 41 47
1 42 47
1 43 47
1 44 47
1 45 47
1 46 47
1 47
1 2 4 7 11 16 22 29 30 38 47
1 2 5 9 14 20 27 40 47
1 2 6 10 15 21 28 46 47
1 2 7 12 18 25 33 39 47
1 2 8 13 19 26 36 47
1 2 9 15 22 30 32 35 47
1 2 10 16 23 31 34 36 47
1 2 11 17 24 32 36 42 47
1 2 12 19 27 41 47
1 2 13 20 28 47
1 2 14 21 29 30 39 47
1 2 15 23 32 36 43 47
1 2 16 24 33 40 41 47
1 2 17 25 34 47
1 2 18 26 37 47
1 2 19 28 29 30 32 36 47
1 2 20 29 30 40 47
1 2 21 30 32 37 47
1 2 22 31 34 37 47
1 2 23 33 40 42 47
1 2 24 34 47
1 2 25 35 47
1 2 26 38 47
1 2 27 42 47
1 2 28 29 31 34 38 47
1 2 29 30 41 47
1 2 30 32 38 47
1 2 31 34 39 47
1 2 32 36 44 47
1 2 33 40 43 47
1 2 34 47
1 2 35 47
1 2 36 47
1 2 37 47
1 2 38 47
1 2 39 47
1 2 40 47
1 2 41 47
1 2 42 47
1 2 43 47
1 2 44 47
1 2 45 47
1 2 46 47
1 2 47
1 3 6 11 18 27 43 47
1 3 7 13 21 31 34 40 47
1 3 8 14 22 32 36 45 47
1 3 9 16 25 36 47
1 3 10 17 26 39 47
1 3 11 19 29 30 42 47
1 3 12 20 30 32 39 47
1 3 13 22 33 40 44 47
1 3 14 23 34 47
1 3 15 24 35 47
1 3 16 26 40 47
1 3 17 27 44 47
1 3 18 28 29 32 36 46 47
1 3 19 30 32 40 47
1 3 20 31 34 41 47
1 3 21 32 36 47
1 3 22 34 47
1 3 23 35 47
1 3 24 36 47
1 3 25 37 47
1 3 26 41 47
1 3 27 45 47
1 3 28 29 33 40 45 47
1 3 29 30 43 47
1 3 30 32 41 47
1 3 31 34 42 47
1 3 32 37 38 47
1 3 33 40 46 47
1 3 34 47
1 3 35 47
1 3 36 47
1 3 37 47
1 3 38 47
1 3 39 47
1 3 40 47
1 3 41 47
1 3 42 47
1 3 43 47
1 3 44 47
1 3 45 47
1 3 46 47
1 3 47
1 4 8 15 25 38 47
1 4 9 17 28 29 34 47
1 4 10 18 29 30 44 47
1 4 11 20 32 37 39 47
1 4 12 21 33 40 47
1 4 13 23 36 47
1 4 14 24 37 47
1 4 15 26 42 47
1 4 16 27 46 47
1 4 17 29 30 45 47
1 4 18 30 32 42 47
1 4 19 31 34 43 47
1 4 20 33 41 42 47
1 4 21 34 47
1 4 22 35 47
1 4 23 37 47
1 4 24 38 47
1 4 25 39 47
1 4 26 43 47
1 4 27 47
1 4 28 29 35 47
1 4 29 30 46 47
1 4 30 32 43 47
1 4 31 34 44 47
1 4 32 37 40 47
1 4 33 41 43 47
1 4 34 47
1 4 35 47
1 4 36 47
1 4 37 47
1 4 38 47
1 4 39 47
1 4 40 47
1 4 41 47
1 4 42 47
1 4 43 47
1 4 44 47
1 4 45 47
1 4 46 47
1 4 47
1 5 10 19 32 37 41 47
1 5 11 21 35 47
1 5 12 22 36 47
1 5 13 24 39 47
1 5 14 25 40 47
1 5 15 27 28 29 30 47
1 5 16 28 29 36 47
1 5 17 30 32 44 47
1 5 18 31 34 45 47
1 5 19 33 41 44 47
1 5 20 34 47
1 5 21 36 47
1 5 22 37 47
1 5 23 38 47
1 5 24 40 47
1 5 25 41 47
1 5 26 44 47
1 5 27 28 30 32 45 47
1 5 28 29 37 47
1 5 29 31 32 37 42 47
1 5 30 32 46 47
1 5 31 34 46 47
1 5 32 37 43 47
1 5 33 41 45 47
1 5 34 47
1 5 35 47
1 5 36 47
1 5 37 47
1 5 38 47
1 5 39 47
1 5 40 47
1 5 41 47
1 5 42 47
1 5 43 47
1 5 44 47
1 5 45 47
1 5 46 47
1 5 47
1 6 12 23 39 47
1 6 13 25 42 47
1 6 14 26 45 47
1 6 15 28 29 38 47
1 6 16 29 31 33 41 46 47
1 6 17 31 34 47
1 6 18 32 37 44 47
1 6 19 34 47
1 6 20 35 47
1 6 21 37 47
1 6 22 38 47
1 6 23 40 47
1 6 24 41 47
1 6 25 43 47
1 6 26 46 47
1 6 27 28 31 35 36 47
1 6 28 29 39 47
1 6 29 31 34 47
1 6 30 32 47
1 6 31 35 37 47
1 6 32 37 45 47
1 6 33 41 47
1 6 34 47
1 6 35 47
1 6 36 47
1 6 37 47
1 6 38 47
1 6 39 47
1 6 40 47
1 6 41 47
1 6 42 47
1 6 43 47
1 6 44 47
1 6 45 47
1 6 46 47
1 6 47
1 7 14 27 28 32 37 46 47
1 7 15 29 31 35 47
1 7 16 30 33 34 47
1 7 17 32 37 47
1 7 18 33 42 43 47
1 7 19 35 47
1 7 20 36 47
1 7 21 38 47
1 7 22 39 47
1 7 23 41 47
1 7 24 42 47
1 7 25 44 47
1 7 26 47
1 7 27 28 33 42 44 47
1 7 28 29 40 47
1 7 29 31 36 47
1 7 30 33 35 47
1 7 31 35 38 47
1 7 32 38 39 47
1 7 33 42 45 47
1 7 34 47
1 7 35 47
1 7 36 47
1 7 37 47
1 7 38 47
1 7 39 47
1 7 40 47
1 7 41 47
1 7 42 47
1 7 43 47
1 7 44 47
1 7 45 47
1 7 46 47
1 7 47
1 8 16 31 35 39 47
1 8 17 33 42 46 47
1 8 18 34 47
1 8 19 36 47
1 8 20 37 47
1 8 21 39 47
1 8 22 40 47
1 8 23 42 47
1 8 24 43 47
1 8 25 45 47
1 8 26 27 28 29 41 47
1 8 27 28 34 47
1 8 28 29 42 47
1 8 29 31 37 47
1 8 30 33 36 47
1 8 31 35 40 47
1 8 32 38 40 47
1 8 33 42 47
1 8 34 47
1 8 35 47
1 8 36 47
1 8 37 47
1 8 38 47
1 8 39 47
1 8 40 47
1 8 41 47
1 8 42 47
1 8 43 47
1 8 44 47
1 8 45 47
1 8 46 47
1 8 47
1 9 18 35 47
1 9 19 37 47
1 9 20 38 47
1 9 21 40 47
1 9 22 41 47
1 9 23 43 47
1 9 24 44 47
1 9 25 46 47
1 9 26 27 29 31 38 47
1 9 27 28 35 47
1 9 28 29 43 47
1 9 29 31 39 47
1 9 30 33 37 47
1 9 31 35 41 47
1 9 32 38 41 47
1 9 33 43 44 47
1 9 34 47
1 9 35 47
1 9 36 47
1 9 37 47
1 9 38 47
1 9 39 47
1 9 40 47
1 9 41 47
1 9 42 47
1 9 43 47
1 9 44 47
1 9 45 47
1 9 46 47
1 9 47
1 10 20 39 47
1 10 21 41 47
1 10 22 42 47
1 10 23 44 47
1 10 24 45 47
1 10 25 47
1 10 26 27 30 33 38 47
1 10 27 28 36 47
1 10 28 29 44 47
1 10 29 31 40 47
1 10 30 33 39 47
1 10 31 35 42 47
1 10 32 38 42 47
1 10 33 43 45 47
1 10 34 47
1 10 35 47
1 10 36 47
1 10 37 47
1 10 38 47
1 10 39 47
1 10 40 47
1 10 41 47
1 10 42 47
1 10 43 47
1 10 44 47
1 10 45 47
1 10 46 47
1 10 47
1 11 22 43 47
1 11 23 45 47
1 11 24 46 47
1 11 25 26 27 28 37 47
1 11 26 27 31 35 43 47
1 11 27 28 38 47
1 11 28 29 45 47
1 11 29 31 41 47
1 11 30 33 40 47
1 11 31 35 44 47
1 11 32 38 43 47
1 11 33 43 46 47
1 11 34 47
1 11 35 47
1 11 36 47
1 11 37 47
1 11 38 47
1 11 39 47
1 11 40 47
1 11 41 47
1 11 42 47
1 11 43 47
1 11 44 47
1 11 45 47
1 11 46 47
1 11 47
1 12 24 47
1 12 25 26 28 29 46 47
1 12 26 27 32 38 44 47
1 12 27 28 39 47
1 12 28 29 47
1 12 29 31 42 47
1 12 30 33 41 47
1 12 31 35 45 47
1 12 32 38 45 47
1 12 33 43 47
1 12 34 47
1 12 35 47
1 12 36 47
1 12 37 47
1 12 38 47
1 12 39 47
1 12 40 47
1 12 41 47
1 12 42 47
1 12 43 47
1 12 44 47
1 12 45 47
1 12 46 47
1 12 47
1 13 26 27 33 44 45 47
1 13 27 28 40 47
1 13 28 30 31 35 46 47
1 13 29 31 43 47
1 13 30 33 42 47
1 13 31 35 47
1 13 32 38 46 47
1 13 33 44 46 47
1 13 34 47
1 13 35 47
1 13 36 47
1 13 37 47
1 13 38 47
1 13 39 47
1 13 40 47
1 13 41 47
1 13 42 47
1 13 43 47
1 13 44 47
1 13 45 47
1 13 46 47
1 13 47
1 14 28 30 32 38 47
1 14 29 31 44 47
1 14 30 33 43 47
1 14 31 36 37 47
1 14 32 39 40 47
1 14 33 44 47
1 14 34 47
1 14 35 47
1 14 36 47
1 14 37 47
1 14 38 47
1 14 39 47
1 14 40 47
1 14 41 47
1 14 42 47
1 14 43 47
1 14 44 47
1 14 45 47
1 14 46 47
1 14 47
1 15 30 33 44 47
1 15 31 36 38 47
1 15 32 39 41 47
1 15 33 45 46 47
1 15 34 47
1 15 35 47
1 15 36 47
1 15 37 47
1 15 38 47
1 15 39 47
1 15 40 47
1 15 41 47
1 15 42 47
1 15 43 47
1 15 44 47
1 15 45 47
1 15 46 47
1 15 47
1 16 32 39 42 47
1 16 33 45 47
1 16 34 47
1 16 35 47
1 16 36 47
1 16 37 47
1 16 38 47
1 16 39 47
1 16 40 47
1 16 41 47
1 16 42 47
1 16 43 47
1 16 44 47
1 16 45 47
1 16 46 47
1 16 47
1 17 34 47
1 17 35 47
1 17 36 47
1 17 37 47
1 17 38 47
1 17 39 47
1 17 40 47
1 17 41 47
1 17 42 47
1 17 43 47
1 17 44 47
1 17 45 47
1 17 46 47
1 17 47
1 18 36 47
1 18 37 47
1 18 38 47
1 18 39 47
1 18 40 47
1 18 41 47
1 18 42 47
1 18 43 47
1 18 44 47
1 18 45 47
1 18 46 47
1 18 47
1 19 38 47
1 19 39 47
1 19 40 47
1 19 41 47
1 19 42 47
1 19 43 47
1 19 44 47
1 19 45 47
1 19 46 47
1 19 47
1 20 40 47
1 20 41 47
1 20 42 47
1 20 43 47
1 20 44 47
1 20 45 47
1 20 46 47
1 20 47
1 21 42 47
1 21 43 47
1 21 44 47
1 21 45 47
1 21 46 47
1 21 47
1 22 44 47
1 22 45 47
1 22 46 47
1 22 47
1 23 46 47
1 23 47
