784
1 2 3 4 5 6 7 8 9 10 11 12 13 14 15 16 17 18 19 20 21 22 23 24 25 26 27 28 29 30 32 42 56
1 3 5 7 9 11 13 15 17 19 21 23 25 27 29 31 36 38 49 56
1 4 6 8 10 12 14 16 18 20 22 24 26 28 30 33 50 56
1 5 8 11 14 17 20 23 26 29 32 43 56
1 6 9 12 15 18 21 24 27 30 34 35 39 46 49 56
1 7 10 13 16 19 22 25 28 31 37 40 51 56
1 8 12 16 20 24 28 32 44 56
1 9 13 17 21 25 29 33 51 56
1 10 14 18 22 26 30 35 36 52 56
1 11 15 19 23 27 31 38 43 45 56
1 12 17 22 27 32 45 56
1 13 18 23 28 33 52 56
1 14 19 24 29 34 35 40 51 52 56
1 15 20 25 30 36 38 50 56
1 16 21 26 31 39 46 50 56
1 17 23 29 35 36 53 56
1 18 24 30 37 40 52 56
1 19 25 31 40 51 53 56
1 20 26 32 46 56
1 21 27 33 53 56
1 22 28 34 35 41 56
1 23 30 38 43 46 56
1 24 31 41 56
1 25 32 47 56
1 26 33 54 56
1 27 34 35 42 56
1 28 35 36 54 56
1 29 36 38 51 56
1 30 39 46 51 56
1 31 42 56
1 32 48 56
1 33 55 56
1 34 35 43 56
1 35 36 55 56
1 36 38 52 56
1 37 40 53 56
1 38 43 47 56
1 39 46 52 56
1 40 51 54 56
1 41 56
1 42 56
1 43 56
1 44 56
1 45 56
1 46 56
1 47 56
1 48 56
1 49 56
1 50 56
1 51 56
1 52 56
1 53 56
1 54 56
1 55 56
1 56
1 2 4 7 11 16 22 29 37 40 54 56
1 2 5 9 14 20 27 35 36 56
1 2 6 10 15 21 28 36 38 53 56
1 2 7 12 18 25 33 56
1 2 8 13 19 26 34 35 44 56
1 2 9 15 22 30 40 51 55 56
1 2 10 16 23 31 43 56
1 2 11 17 24 32 49 56
1 2 12 19 27 36 38 54 56
1 2 13 20 28 37 40 55 56
1 2 14 21 29 38 43 48 56
1 2 15 23 32 50 56
1 2 16 24 33 34 35 37 38 43 49 56
1 2 17 25 34 35 45 56
1 2 18 26 35 37 39 46 53 56
1 2 19 28 38 43 50 56
1 2 20 29 39 46 54 56
1 2 21 30 41 56
1 2 22 31 44 56
1 2 23 33 34 36 38 55 56
1 2 24 34 35 46 56
1 2 25 35 37 40 51 56
1 2 26 36 38 56
1 2 27 37 40 56
1 2 28 39 46 55 56
1 2 29 40 52 53 56
1 2 30 42 56
1 2 31 45 56
1 2 32 51 56
1 2 33 34 37 41 42 56
1 2 34 35 47 56
1 2 35 37 41 56
1 2 36 39 40 52 54 56
1 2 37 41 43 56
1 2 38 43 51 56
1 2 39 46 56
1 2 40 52 55 56
1 2 41 56
1 2 42 56
1 2 43 56
1 2 44 56
1 2 45 56
1 2 46 56
1 2 47 56
1 2 48 56
1 2 49 56
1 2 50 56
1 2 51 56
1 2 52 56
1 2 53 56
1 2 54 56
1 2 55 56
1 2 56
1 3 6 11 18 27 38 43 52 56
1 3 7 13 21 31 46 56
1 3 8 14 22 32 52 56
1 3 9 16 25 36 39 41 56
1 3 10 17 26 37 41 44 56
1 3 11 19 29 41 56
1 3 12 20 30 43 56
1 3 13 22 33 34 38 43 53 56
1 3 14 23 34 35 48 56
1 3 15 24 35 37 42 56
1 3 16 26 38 43 54 56
1 3 17 27 39 47 48 56
1 3 18 28 40 52 56
1 3 19 30 44 56
1 3 20 31 47 56
1 3 21 32 53 56
1 3 22 34 35 49 56
1 3 23 35 37 43 56
1 3 24 36 39 42 56
1 3 25 37 41 45 56
1 3 26 39 47 49 56
1 3 27 40 53 54 56
1 3 28 41 56
1 3 29 42 56
1 3 30 45 56
1 3 31 48 56
1 3 32 54 56
1 3 33 34 39 47 50 56
1 3 34 35 50 56
1 3 35 37 44 56
1 3 36 39 43 56
1 3 37 41 46 56
1 3 38 43 55 56
1 3 39 47 51 56
1 3 40 53 55 56
1 3 41 56
1 3 42 56
1 3 43 56
1 3 44 56
1 3 45 56
1 3 46 56
1 3 47 56
1 3 48 56
1 3 49 56
1 3 50 56
1 3 51 56
1 3 52 56
1 3 53 56
1 3 54 56
1 3 55 56
1 3 56
1 4 8 15 25 38 43 56
1 4 9 17 28 42 56
1 4 10 18 29 43 56
1 4 11 20 32 55 56
1 4 12 21 33 34 40 53 56
1 4 13 23 36 39 44 56
1 4 14 24 37 41 47 56
1 4 15 26 40 54 55 56
1 4 16 27 41 56
1 4 17 29 44 56
1 4 18 30 46 56
1 4 19 31 49 56
1 4 20 33 34 41 56
1 4 21 34 35 51 56
1 4 22 35 37 45 56
1 4 23 37 41 48 56
1 4 24 38 44 45 56
1 4 25 39 47 52 56
1 4 26 41 56
1 4 27 42 56
1 4 28 43 56
1 4 29 45 56
1 4 30 47 56
1 4 31 50 56
1 4 32 56
1 4 33 34 42 56
1 4 34 35 52 56
1 4 35 37 46 56
1 4 36 39 45 56
1 4 37 41 49 56
1 4 38 44 46 56
1 4 39 47 53 56
1 4 40 54 56
1 4 41 56
1 4 42 56
1 4 43 56
1 4 44 56
1 4 45 56
1 4 46 56
1 4 47 56
1 4 48 56
1 4 49 56
1 4 50 56
1 4 51 56
1 4 52 56
1 4 53 56
1 4 54 56
1 4 55 56
1 4 56
1 5 10 19 32 33 34 35 53 56
1 5 11 21 35 37 47 56
1 5 12 22 36 39 46 56
1 5 13 24 39 47 54 56
1 5 14 25 40 55 56
1 5 15 27 43 56
1 5 16 28 44 56
1 5 17 30 48 56
1 5 18 31 51 56
1 5 19 33 34 43 56
1 5 20 34 35 54 56
1 5 21 36 39 47 56
1 5 22 37 41 50 56
1 5 23 38 44 47 56
1 5 24 40 56
1 5 25 41 56
1 5 26 42 56
1 5 27 44 56
1 5 28 45 56
1 5 29 46 56
1 5 30 49 56
1 5 31 52 56
1 5 32 33 35 37 48 56
1 5 33 34 44 56
1 5 34 35 55 56
1 5 35 37 49 56
1 5 36 39 48 56
1 5 37 41 51 56
1 5 38 44 48 56
1 5 39 47 55 56
1 5 40 56
1 5 41 56
1 5 42 56
1 5 43 56
1 5 44 56
1 5 45 56
1 5 46 56
1 5 47 56
1 5 48 56
1 5 49 56
1 5 50 56
1 5 51 56
1 5 52 56
1 5 53 56
1 5 54 56
1 5 55 56
1 5 56
1 6 12 23 39 47 56
1 6 13 25 42 56
1 6 14 26 43 56
1 6 15 28 46 56
1 6 16 29 47 56
1 6 17 31 53 56
1 6 18 32 33 36 39 49 56
1 6 19 34 35 56
1 6 20 35 37 50 56
1 6 21 37 41 52 56
1 6 22 38 44 49 56
1 6 23 40 56
1 6 24 41 56
1 6 25 43 56
1 6 26 44 56
1 6 27 45 56
1 6 28 47 56
1 6 29 48 56
1 6 30 50 56
1 6 31 54 56
1 6 32 33 37 41 53 56
1 6 33 34 45 56
1 6 34 36 37 41 54 56
1 6 35 37 51 56
1 6 36 39 50 56
1 6 37 41 55 56
1 6 38 44 50 56
1 6 39 48 49 56
1 6 40 56
1 6 41 56
1 6 42 56
1 6 43 56
1 6 44 56
1 6 45 56
1 6 46 56
1 6 47 56
1 6 48 56
1 6 49 56
1 6 50 56
1 6 51 56
1 6 52 56
1 6 53 56
1 6 54 56
1 6 55 56
1 6 56
1 7 14 27 46 56
1 7 15 29 49 56
1 7 16 30 51 56
1 7 17 32 33 38 44 51 56
1 7 18 33 34 46 56
1 7 19 35 37 52 56
1 7 20 36 39 51 56
1 7 21 38 44 52 56
1 7 22 39 48 50 56
1 7 23 41 56
1 7 24 42 56
1 7 25 44 56
1 7 26 45 56
1 7 27 47 56
1 7 28 48 56
1 7 29 50 56
1 7 30 52 56
1 7 31 55 56
1 7 32 33 39 48 51 56
1 7 33 34 47 56
1 7 34 36 38 44 53 56
1 7 35 37 53 56
1 7 36 39 52 56
1 7 37 41 56
1 7 38 44 54 56
1 7 39 48 52 56
1 7 40 56
1 7 41 56
1 7 42 56
1 7 43 56
1 7 44 56
1 7 45 56
1 7 46 56
1 7 47 56
1 7 48 56
1 7 49 56
1 7 50 56
1 7 51 56
1 7 52 56
1 7 53 56
1 7 54 56
1 7 55 56
1 7 56
1 8 16 31 56
1 8 17 33 34 48 56
1 8 18 34 36 39 48 53 56
1 8 19 36 39 53 56
1 8 20 37 42 43 56
1 8 21 39 48 54 56
1 8 22 40 56
1 8 23 42 56
1 8 24 43 56
1 8 25 45 56
1 8 26 46 56
1 8 27 48 56
1 8 28 49 56
1 8 29 51 56
1 8 30 53 56
1 8 31 32 33 34 49 56
1 8 32 33 40 56
1 8 33 34 50 56
1 8 34 36 40 56
1 8 35 37 54 56
1 8 36 39 54 56
1 8 37 42 44 56
1 8 38 44 55 56
1 8 39 48 55 56
1 8 40 56
1 8 41 56
1 8 42 56
1 8 43 56
1 8 44 56
1 8 45 56
1 8 46 56
1 8 47 56
1 8 48 56
1 8 49 56
1 8 50 56
1 8 51 56
1 8 52 56
1 8 53 56
1 8 54 56
1 8 55 56
1 8 56
1 9 18 35 37 55 56
1 9 19 37 42 45 56
1 9 20 38 44 56
1 9 21 40 56
1 9 22 41 56
1 9 23 43 56
1 9 24 44 56
1 9 25 46 56
1 9 26 47 56
1 9 27 49 56
1 9 28 50 56
1 9 29 52 56
1 9 30 54 56
1 9 31 32 34 36 41 56
1 9 32 33 41 56
1 9 33 34 51 56
1 9 34 36 42 56
1 9 35 37 56
1 9 36 39 55 56
1 9 37 42 46 56
1 9 38 45 46 56
1 9 39 48 56
1 9 40 56
1 9 41 56
1 9 42 56
1 9 43 56
1 9 44 56
1 9 45 56
1 9 46 56
1 9 47 56
1 9 48 56
1 9 49 56
1 9 50 56
1 9 51 56
1 9 52 56
1 9 53 56
1 9 54 56
1 9 55 56
1 9 56
1 10 20 39 49 50 56
1 10 21 41 56
1 10 22 42 56
1 10 23 44 56
1 10 24 45 56
1 10 25 47 56
1 10 26 48 56
1 10 27 50 56
1 10 28 51 56
1 10 29 53 56
1 10 30 55 56
1 10 31 32 35 38 39 49 51 56
1 10 32 33 42 56
1 10 33 34 52 56
1 10 34 36 43 56
1 10 35 38 40 56
1 10 36 39 56
1 10 37 42 47 56
1 10 38 45 47 56
1 10 39 49 52 56
1 10 40 56
1 10 41 56
1 10 42 56
1 10 43 56
1 10 44 56
1 10 45 56
1 10 46 56
1 10 47 56
1 10 48 56
1 10 49 56
1 10 50 56
1 10 51 56
1 10 52 56
1 10 53 56
1 10 54 56
1 10 55 56
1 10 56
1 11 22 43 56
1 11 23 45 56
1 11 24 46 56
1 11 25 48 56
1 11 26 49 56
1 11 27 51 56
1 11 28 52 56
1 11 29 54 56
1 11 30 56
1 11 31 32 36 40 41 56
1 11 32 33 43 56
1 11 33 34 53 56
1 11 34 36 44 56
1 11 35 38 41 56
1 11 36 40 42 56
1 11 37 42 48 56
1 11 38 45 48 56
1 11 39 49 53 56
1 11 40 56
1 11 41 56
1 11 42 56
1 11 43 56
1 11 44 56
1 11 45 56
1 11 46 56
1 11 47 56
1 11 48 56
1 11 49 56
1 11 50 56
1 11 51 56
1 11 52 56
1 11 53 56
1 11 54 56
1 11 55 56
1 11 56
1 12 24 47 56
1 12 25 49 56
1 12 26 50 56
1 12 27 52 56
1 12 28 53 56
1 12 29 55 56
1 12 30 31 32 33 44 56
1 12 31 32 37 42 49 56
1 12 32 33 45 56
1 12 33 34 54 56
1 12 34 36 45 56
1 12 35 38 42 56
1 12 36 40 43 56
1 12 37 42 50 56
1 12 38 45 49 56
1 12 39 49 54 56
1 12 40 56
1 12 41 56
1 12 42 56
1 12 43 56
1 12 44 56
1 12 45 56
1 12 46 56
1 12 47 56
1 12 48 56
1 12 49 56
1 12 50 56
1 12 51 56
1 12 52 56
1 12 53 56
1 12 54 56
1 12 55 56
1 12 56
1 13 26 51 56
1 13 27 53 56
1 13 28 54 56
1 13 29 56
1 13 30 31 33 34 55 56
1 13 31 32 38 45 50 56
1 13 32 33 46 56
1 13 33 34 56
1 13 34 36 46 56
1 13 35 38 43 56
1 13 36 40 44 56
1 13 37 42 51 56
1 13 38 45 51 56
1 13 39 49 55 56
1 13 40 56
1 13 41 56
1 13 42 56
1 13 43 56
1 13 44 56
1 13 45 56
1 13 46 56
1 13 47 56
1 13 48 56
1 13 49 56
1 13 50 56
1 13 51 56
1 13 52 56
1 13 53 56
1 13 54 56
1 13 55 56
1 13 56
1 14 28 55 56
1 14 29 30 31 32 39 49 56
1 14 30 31 34 36 47 56
1 14 31 32 40 56
1 14 32 33 47 56
1 14 33 35 36 40 45 56
1 14 34 36 48 56
1 14 35 38 44 56
1 14 36 40 46 56
1 14 37 42 52 56
1 14 38 45 52 56
1 14 39 50 51 56
1 14 40 56
1 14 41 56
1 14 42 56
1 14 43 56
1 14 44 56
1 14 45 56
1 14 46 56
1 14 47 56
1 14 48 56
1 14 49 56
1 14 50 56
1 14 51 56
1 14 52 56
1 14 53 56
1 14 54 56
1 14 55 56
1 14 56
1 15 30 31 35 38 45 56
1 15 31 32 41 56
1 15 32 33 48 56
1 15 33 35 37 42 53 56
1 15 34 36 49 56
1 15 35 38 46 56
1 15 36 40 47 56
1 15 37 42 54 56
1 15 38 45 53 56
1 15 39 50 52 56
1 15 40 56
1 15 41 56
1 15 42 56
1 15 43 56
1 15 44 56
1 15 45 56
1 15 46 56
1 15 47 56
1 15 48 56
1 15 49 56
1 15 50 56
1 15 51 56
1 15 52 56
1 15 53 56
1 15 54 56
1 15 55 56
1 15 56
1 16 32 33 49 56
1 16 33 35 38 45 54 56
1 16 34 36 50 56
1 16 35 38 47 56
1 16 36 40 48 56
1 16 37 42 55 56
1 16 38 45 55 56
1 16 39 50 53 56
1 16 40 56
1 16 41 56
1 16 42 56
1 16 43 56
1 16 44 56
1 16 45 56
1 16 46 56
1 16 47 56
1 16 48 56
1 16 49 56
1 16 50 56
1 16 51 56
1 16 52 56
1 16 53 56
1 16 54 56
1 16 55 56
1 16 56
1 17 34 36 51 56
1 17 35 38 48 56
1 17 36 40 49 56
1 17 37 42 56
1 17 38 45 56
1 17 39 50 54 56
1 17 40 56
1 17 41 56
1 17 42 56
1 17 43 56
1 17 44 56
1 17 45 56
1 17 46 56
1 17 47 56
1 17 48 56
1 17 49 56
1 17 50 56
1 17 51 56
1 17 52 56
1 17 53 56
1 17 54 56
1 17 55 56
1 17 56
1 18 36 40 50 56
1 18 37 43 44 56
1 18 38 46 47 56
1 18 39 50 55 56
1 18 40 56
1 18 41 56
1 18 42 56
1 18 43 56
1 18 44 56
1 18 45 56
1 18 46 56
1 18 47 56
1 18 48 56
1 18 49 56
1 18 50 56
1 18 51 56
1 18 52 56
1 18 53 56
1 18 54 56
1 18 55 56
1 18 56
1 19 38 46 48 56
1 19 39 50 56
1 19 40 56
1 19 41 56
1 19 42 56
1 19 43 56
1 19 44 56
1 19 45 56
1 19 46 56
1 19 47 56
1 19 48 56
1 19 49 56
1 19 50 56
1 19 51 56
1 19 52 56
1 19 53 56
1 19 54 56
1 19 55 56
1 19 56
1 20 40 56
1 20 41 56
1 20 42 56
1 20 43 56
1 20 44 56
1 20 45 56
1 20 46 56
1 20 47 56
1 20 48 56
1 20 49 56
1 20 50 56
1 20 51 56
1 20 52 56
1 20 53 56
1 20 54 56
1 20 55 56
1 20 56
1 21 42 56
1 21 43 56
1 21 44 56
1 21 45 56
1 21 46 56
1 21 47 56
1 21 48 56
1 21 49 56
1 21 50 56
1 21 51 56
1 21 52 56
1 21 53 56
1 21 54 56
1 21 55 56
1 21 56
1 22 44 56
1 22 45 56
1 22 46 56
1 22 47 56
1 22 48 56
1 22 49 56
1 22 50 56
1 22 51 56
1 22 52 56
1 22 53 56
1 22 54 56
1 22 55 56
1 22 56
1 23 46 56
1 23 47 56
1 23 48 56
1 23 49 56
1 23 50 56
1 23 51 56
1 23 52 56
1 23 53 56
1 23 54 56
1 23 55 56
1 23 56
1 24 48 56
1 24 49 56
1 24 50 56
1 24 51 56
1 24 52 56
1 24 53 56
1 24 54 56
1 24 55 56
1 24 56
1 25 50 56
1 25 51 56
1 25 52 56
1 25 53 56
1 25 54 56
1 25 55 56
1 25 56
1 26 52 56
1 26 53 56
1 26 54 56
1 26 55 56
1 26 56
1 27 54 56
1 27 55 56
1 27 56
1 28 56
