156
1 2 3 4 5 6 7 8 9 10 11 12 13 14 15 18 21 24 25
1 3 5 7 9 11 13 15 19 25
1 4 6 8 10 12 14 16 23 25
1 5 8 11 14 17 18 23 25
1 6 9 12 15 20 25
1 7 10 13 16 24 25
1 8 12 16 25
1 9 13 17 18 24 25
1 10 14 18 21 25
1 11 15 21 25
1 12 17 18 25
1 13 18 22 23 25
1 14 19 25
1 15 22 25
1 16 17 18 22 24 25
1 17 19 20 25
1 18 22 25
1 19 25
1 20 25
1 21 25
1 22 25
1 23 25
1 24 25
1 25
1 2 4 7 11 16 17 19 25
1 2 5 9 14 20 25
1 2 6 10 15 23 25
1 2 7 12 18 23 24 25
1 2 8 13 19 25
1 2 9 15 24 25
1 2 10 16 17 20 25
1 2 11 17 19 21 25
1 2 12 19 25
1 2 13 20 25
1 2 14 21 25
1 2 15 25
1 2 16 17 21 25
1 2 17 19 22 25
1 2 18 23 25
1 2 19 25
1 2 20 25
1 2 21 25
1 2 22 25
1 2 23 25
1 2 24 25
1 2 25
1 3 6 11 18 24 25
1 3 7 13 21 25
1 3 8 14 22 25
1 3 9 16 17 22 25
1 3 10 17 19 23 25
1 3 11 19 25
1 3 12 20 25
1 3 13 22 25
1 3 14 23 25
1 3 15 16 17 19 24 25
1 3 16 17 23 25
1 3 17 19 25
1 3 18 25
1 3 19 25
1 3 20 25
1 3 21 25
1 3 22 25
1 3 23 25
1 3 24 25
1 3 25
1 4 8 15 16 18 25
1 4 9 17 20 21 25
1 4 10 18 25
1 4 11 20 25
1 4 12 21 25
1 4 13 23 25
1 4 14 24 25
1 4 15 16 19 25
1 4 16 17 24 25
1 4 17 20 22 25
1 4 18 25
1 4 19 25
1 4 20 25
1 4 21 25
1 4 22 25
1 4 23 25
1 4 24 25
1 4 25
1 5 10 19 25
1 5 11 21 25
1 5 12 22 25
1 5 13 24 25
1 5 14 25
1 5 15 16 20 25
1 5 16 17 25
1 5 17 20 23 25
1 5 18 25
1 5 19 25
1 5 20 25
1 5 21 25
1 5 22 25
1 5 23 25
1 5 24 25
1 5 25
1 6 12 23 25
1 6 13 25
1 6 14 15 16 18 19 25
1 6 15 16 21 25
1 6 16 18 20 25
1 6 17 20 24 25
1 6 18 25
1 6 19 25
1 6 20 25
1 6 21 25
1 6 22 25
1 6 23 25
1 6 24 25
1 6 25
1 7 14 15 17 20 25
1 7 15 16 22 25
1 7 16 18 21 25
1 7 17 21 22 25
1 7 18 25
1 7 19 25
1 7 20 25
1 7 21 25
1 7 22 25
1 7 23 25
1 7 24 25
1 7 25
1 8 16 18 22 25
1 8 17 21 23 25
1 8 18 25
1 8 19 25
1 8 20 25
1 8 21 25
1 8 22 25
1 8 23 25
1 8 24 25
1 8 25
1 9 18 25
1 9 19 25
1 9 20 25
1 9 21 25
1 9 22 25
1 9 23 25
1 9 24 25
1 9 25
1 10 20 25
1 10 21 25
1 10 22 25
1 10 23 25
1 10 24 25
1 10 25
1 11 22 25
1 11 23 25
1 11 24 25
1 11 25
1 12 24 25
1 12 25
