650
1 2 3 4 5 6 7 8 9 10 11 12 13 14 15 16 17 18 19 20 21 22 23 24 25 26 27 28 31 32 33 35 43 51
1 3 5 7 9 11 13 15 17 19 21 23 25 27 29 36 43 50 51
1 4 6 8 10 12 14 16 18 20 22 24 26 28 32 33 45 51
1 5 8 11 14 17 20 23 26 29 37 51
1 6 9 12 15 18 21 24 27 30 43 51
1 7 10 13 16 19 22 25 28 33 35 44 51
1 8 12 16 20 24 28 34 37 46 51
1 9 13 17 21 25 29 38 51
1 10 14 18 22 26 30 44 51
1 11 15 19 23 27 31 32 34 37 47 51
1 12 17 22 27 32 33 46 51
1 13 18 23 28 35 40 43 51
1 14 19 24 29 39 51
1 15 20 25 30 45 51
1 16 21 26 31 32 35 40 44 51
1 17 23 29 40 51
1 18 24 30 46 51
1 19 25 31 32 36 43 51
1 20 26 32 33 47 51
1 21 27 33 35 45 51
1 22 28 36 44 45 51
1 23 30 47 51
1 24 31 32 37 51
1 25 32 33 48 51
1 26 33 35 46 51
1 27 34 37 48 51
1 28 37 51
1 29 41 51
1 30 48 51
1 31 32 38 51
1 32 33 49 51
1 33 35 47 51
1 34 37 49 51
1 35 40 45 51
1 36 44 46 51
1 37 51
1 38 51
1 39 51
1 40 51
1 41 51
1 42 51
1 43 51
1 44 51
1 45 51
1 46 51
1 47 51
1 48 51
1 49 51
1 50 51
1 51
1 2 4 7 11 16 22 29 42 51
1 2 5 9 14 20 27 35 40 46 51
1 2 6 10 15 21 28 38 51
1 2 7 12 18 25 33 35 48 51
1 2 8 13 19 26 34 37 50 51
1 2 9 15 22 30 49 51
1 2 10 16 23 31 32 39 51
1 2 11 17 24 32 33 50 51
1 2 12 19 27 36 44 47 51
1 2 13 20 28 39 51
1 2 14 21 29 43 51
1 2 15 23 32 33 51
1 2 16 24 33 35 49 51
1 2 17 25 34 37 51
1 2 18 26 35 40 47 51
1 2 19 28 40 51
1 2 20 29 44 51
1 2 21 30 50 51
1 2 22 31 32 40 51
1 2 23 33 35 50 51
1 2 24 34 38 39 51
1 2 25 35 40 48 51
1 2 26 36 44 48 51
1 2 27 37 51
1 2 28 41 51
1 2 29 45 51
1 2 30 51
1 2 31 32 41 51
1 2 32 34 35 40 49 51
1 2 33 35 51
1 2 34 38 40 51
1 2 35 40 50 51
1 2 36 44 49 51
1 2 37 51
1 2 38 51
1 2 39 51
1 2 40 51
1 2 41 51
1 2 42 51
1 2 43 51
1 2 44 51
1 2 45 51
1 2 46 51
1 2 47 51
1 2 48 51
1 2 49 51
1 2 50 51
1 2 51
1 3 6 11 18 27 38 51
1 3 7 13 21 31 32 42 51
1 3 8 14 22 32 34 36 44 50 51
1 3 9 16 25 36 44 51
1 3 10 17 26 37 51
1 3 11 19 29 46 51
1 3 12 20 30 31 32 34 37 51
1 3 13 22 33 36 37 51
1 3 14 23 34 38 41 51
1 3 15 24 35 40 51
1 3 16 26 38 51
1 3 17 27 39 51
1 3 18 28 42 51
1 3 19 30 31 33 36 38 51
1 3 20 31 32 43 51
1 3 21 32 34 38 51
1 3 22 34 38 42 51
1 3 23 35 41 42 51
1 3 24 36 45 46 51
1 3 25 37 51
1 3 26 39 51
1 3 27 40 51
1 3 28 43 51
1 3 29 47 51
1 3 30 31 34 38 43 51
1 3 31 32 44 51
1 3 32 34 39 51
1 3 33 36 39 51
1 3 34 38 44 51
1 3 35 41 43 51
1 3 36 45 47 51
1 3 37 51
1 3 38 51
1 3 39 51
1 3 40 51
1 3 41 51
1 3 42 51
1 3 43 51
1 3 44 51
1 3 45 51
1 3 46 51
1 3 47 51
1 3 48 51
1 3 49 51
1 3 50 51
1 3 51
1 4 8 15 25 38 51
1 4 9 17 28 44 51
1 4 10 18 29 48 51
1 4 11 20 32 34 40 51
1 4 12 21 33 36 40 51
1 4 13 23 36 45 48 51
1 4 14 24 37 51
1 4 15 26 40 51
1 4 16 27 41 51
1 4 17 29 49 51
1 4 18 30 31 35 41 44 51
1 4 19 31 32 45 51
1 4 20 33 36 41 51
1 4 21 34 38 45 51
1 4 22 35 41 45 51
1 4 23 37 51
1 4 24 38 51
1 4 25 39 51
1 4 26 41 51
1 4 27 42 51
1 4 28 45 51
1 4 29 50 51
1 4 30 31 36 45 49 51
1 4 31 32 46 51
1 4 32 34 41 51
1 4 33 36 42 51
1 4 34 38 46 51
1 4 35 41 46 51
1 4 36 45 50 51
1 4 37 51
1 4 38 51
1 4 39 51
1 4 40 51
1 4 41 51
1 4 42 51
1 4 43 51
1 4 44 51
1 4 45 51
1 4 46 51
1 4 47 51
1 4 48 51
1 4 49 51
1 4 50 51
1 4 51
1 5 10 19 32 34 42 51
1 5 11 21 35 41 47 51
1 5 12 22 36 45 51
1 5 13 24 39 51
1 5 14 25 40 51
1 5 15 27 43 51
1 5 16 28 46 51
1 5 17 30 31 37 51
1 5 18 31 32 47 51
1 5 19 33 36 43 51
1 5 20 34 38 47 51
1 5 21 36 46 47 51
1 5 22 37 51
1 5 23 38 51
1 5 24 40 51
1 5 25 41 51
1 5 26 42 51
1 5 27 44 51
1 5 28 47 51
1 5 29 51
1 5 30 31 38 51
1 5 31 32 48 51
1 5 32 34 43 51
1 5 33 36 44 51
1 5 34 38 48 51
1 5 35 41 48 51
1 5 36 46 48 51
1 5 37 51
1 5 38 51
1 5 39 51
1 5 40 51
1 5 41 51
1 5 42 51
1 5 43 51
1 5 44 51
1 5 45 51
1 5 46 51
1 5 47 51
1 5 48 51
1 5 49 51
1 5 50 51
1 5 51
1 6 12 23 39 51
1 6 13 25 42 51
1 6 14 26 43 51
1 6 15 28 48 51
1 6 16 29 30 31 32 49 51
1 6 17 31 32 50 51
1 6 18 32 34 44 51
1 6 19 34 38 49 51
1 6 20 35 41 49 51
1 6 21 37 51
1 6 22 38 51
1 6 23 40 51
1 6 24 41 51
1 6 25 43 51
1 6 26 44 51
1 6 27 45 51
1 6 28 49 51
1 6 29 30 32 34 45 51
1 6 30 31 39 51
1 6 31 32 51
1 6 32 34 46 51
1 6 33 36 45 51
1 6 34 38 50 51
1 6 35 41 50 51
1 6 36 46 49 51
1 6 37 51
1 6 38 51
1 6 39 51
1 6 40 51
1 6 41 51
1 6 42 51
1 6 43 51
1 6 44 51
1 6 45 51
1 6 46 51
1 6 47 51
1 6 48 51
1 6 49 51
1 6 50 51
1 6 51
1 7 14 27 46 51
1 7 15 29 30 33 36 46 51
1 7 16 30 31 40 51
1 7 17 32 34 47 51
1 7 18 33 36 47 51
1 7 19 35 41 51
1 7 20 36 46 50 51
1 7 21 38 51
1 7 22 39 51
1 7 23 41 51
1 7 24 42 51
1 7 25 44 51
1 7 26 45 51
1 7 27 47 51
1 7 28 50 51
1 7 29 30 34 38 51
1 7 30 31 41 51
1 7 31 33 34 39 40 51
1 7 32 34 48 51
1 7 33 36 48 51
1 7 34 39 41 51
1 7 35 42 43 51
1 7 36 46 51
1 7 37 51
1 7 38 51
1 7 39 51
1 7 40 51
1 7 41 51
1 7 42 51
1 7 43 51
1 7 44 51
1 7 45 51
1 7 46 51
1 7 47 51
1 7 48 51
1 7 49 51
1 7 50 51
1 7 51
1 8 16 31 33 35 42 44 51
1 8 17 33 36 49 51
1 8 18 34 39 42 51
1 8 19 36 47 48 51
1 8 20 37 51
1 8 21 39 51
1 8 22 40 51
1 8 23 42 51
1 8 24 43 51
1 8 25 45 51
1 8 26 46 51
1 8 27 48 51
1 8 28 51
1 8 29 30 35 42 45 51
1 8 30 31 42 51
1 8 31 33 36 47 49 51
1 8 32 34 49 51
1 8 33 36 50 51
1 8 34 39 43 51
1 8 35 42 46 51
1 8 36 47 50 51
1 8 37 51
1 8 38 51
1 8 39 51
1 8 40 51
1 8 41 51
1 8 42 51
1 8 43 51
1 8 44 51
1 8 45 51
1 8 46 51
1 8 47 51
1 8 48 51
1 8 49 51
1 8 50 51
1 8 51
1 9 18 35 42 47 51
1 9 19 37 51
1 9 20 38 51
1 9 21 40 51
1 9 22 41 51
1 9 23 43 51
1 9 24 44 51
1 9 25 46 51
1 9 26 47 51
1 9 27 49 51
1 9 28 29 30 31 43 51
1 9 29 30 36 47 51
1 9 30 31 44 51
1 9 31 33 37 51
1 9 32 34 50 51
1 9 33 36 51
1 9 34 39 44 51
1 9 35 42 48 51
1 9 36 48 49 51
1 9 37 51
1 9 38 51
1 9 39 51
1 9 40 51
1 9 41 51
1 9 42 51
1 9 43 51
1 9 44 51
1 9 45 51
1 9 46 51
1 9 47 51
1 9 48 51
1 9 49 51
1 9 50 51
1 9 51
1 10 20 39 51
1 10 21 41 51
1 10 22 42 51
1 10 23 44 51
1 10 24 45 51
1 10 25 47 51
1 10 26 48 51
1 10 27 50 51
1 10 28 29 31 33 38 51
1 10 29 30 37 51
1 10 30 31 45 51
1 10 31 33 39 51
1 10 32 34 51
1 10 33 37 38 51
1 10 34 39 45 51
1 10 35 42 49 51
1 10 36 48 50 51
1 10 37 51
1 10 38 51
1 10 39 51
1 10 40 51
1 10 41 51
1 10 42 51
1 10 43 51
1 10 44 51
1 10 45 51
1 10 46 51
1 10 47 51
1 10 48 51
1 10 49 51
1 10 50 51
1 10 51
1 11 22 43 51
1 11 23 45 51
1 11 24 46 51
1 11 25 48 51
1 11 26 49 51
1 11 27 51
1 11 28 29 32 35 36 48 51
1 11 29 30 38 51
1 11 30 31 46 51
1 11 31 33 40 51
1 11 32 35 37 51
1 11 33 37 39 51
1 11 34 39 46 51
1 11 35 42 50 51
1 11 36 49 50 51
1 11 37 51
1 11 38 51
1 11 39 51
1 11 40 51
1 11 41 51
1 11 42 51
1 11 43 51
1 11 44 51
1 11 45 51
1 11 46 51
1 11 47 51
1 11 48 51
1 11 49 51
1 11 50 51
1 11 51
1 12 24 47 51
1 12 25 49 51
1 12 26 50 51
1 12 27 28 29 30 39 51
1 12 28 29 33 37 40 51
1 12 29 30 40 51
1 12 30 31 47 51
1 12 31 33 41 51
1 12 32 35 38 51
1 12 33 37 41 51
1 12 34 39 47 51
1 12 35 42 51
1 12 36 49 51
1 12 37 51
1 12 38 51
1 12 39 51
1 12 40 51
1 12 41 51
1 12 42 51
1 12 43 51
1 12 44 51
1 12 45 51
1 12 46 51
1 12 47 51
1 12 48 51
1 12 49 51
1 12 50 51
1 12 51
1 13 26 51
1 13 27 28 30 31 48 51
1 13 28 29 34 39 48 51
1 13 29 30 41 51
1 13 30 31 49 51
1 13 31 33 42 51
1 13 32 35 39 51
1 13 33 37 42 51
1 13 34 39 49 51
1 13 35 43 44 51
1 13 36 50 51
1 13 37 51
1 13 38 51
1 13 39 51
1 13 40 51
1 13 41 51
1 13 42 51
1 13 43 51
1 13 44 51
1 13 45 51
1 13 46 51
1 13 47 51
1 13 48 51
1 13 49 51
1 13 50 51
1 13 51
1 14 28 29 35 43 45 51
1 14 29 30 42 51
1 14 30 31 50 51
1 14 31 33 43 51
1 14 32 35 40 51
1 14 33 37 43 51
1 14 34 39 50 51
1 14 35 43 46 51
1 14 36 51
1 14 37 51
1 14 38 51
1 14 39 51
1 14 40 51
1 14 41 51
1 14 42 51
1 14 43 51
1 14 44 51
1 14 45 51
1 14 46 51
1 14 47 51
1 14 48 51
1 14 49 51
1 14 50 51
1 14 51
1 15 30 31 51
1 15 31 33 44 51
1 15 32 35 41 51
1 15 33 37 44 51
1 15 34 39 51
1 15 35 43 47 51
1 15 36 51
1 15 37 51
1 15 38 51
1 15 39 51
1 15 40 51
1 15 41 51
1 15 42 51
1 15 43 51
1 15 44 51
1 15 45 51
1 15 46 51
1 15 47 51
1 15 48 51
1 15 49 51
1 15 50 51
1 15 51
1 16 32 35 42 51
1 16 33 37 45 51
1 16 34 40 41 51
1 16 35 43 48 51
1 16 36 51
1 16 37 51
1 16 38 51
1 16 39 51
1 16 40 51
1 16 41 51
1 16 42 51
1 16 43 51
1 16 44 51
1 16 45 51
1 16 46 51
1 16 47 51
1 16 48 51
1 16 49 51
1 16 50 51
1 16 51
1 17 34 40 42 51
1 17 35 43 49 51
1 17 36 51
1 17 37 51
1 17 38 51
1 17 39 51
1 17 40 51
1 17 41 51
1 17 42 51
1 17 43 51
1 17 44 51
1 17 45 51
1 17 46 51
1 17 47 51
1 17 48 51
1 17 49 51
1 17 50 51
1 17 51
1 18 36 51
1 18 37 51
1 18 38 51
1 18 39 51
1 18 40 51
1 18 41 51
1 18 42 51
1 18 43 51
1 18 44 51
1 18 45 51
1 18 46 51
1 18 47 51
1 18 48 51
1 18 49 51
1 18 50 51
1 18 51
1 19 38 51
1 19 39 51
1 19 40 51
1 19 41 51
1 19 42 51
1 19 43 51
1 19 44 51
1 19 45 51
1 19 46 51
1 19 47 51
1 19 48 51
1 19 49 51
1 19 50 51
1 19 51
1 20 40 51
1 20 41 51
1 20 42 51
1 20 43 51
1 20 44 51
1 20 45 51
1 20 46 51
1 20 47 51
1 20 48 51
1 20 49 51
1 20 50 51
1 20 51
1 21 42 51
1 21 43 51
1 21 44 51
1 21 45 51
1 21 46 51
1 21 47 51
1 21 48 51
1 21 49 51
1 21 50 51
1 21 51
1 22 44 51
1 22 45 51
1 22 46 51
1 22 47 51
1 22 48 51
1 22 49 51
1 22 50 51
1 22 51
1 23 46 51
1 23 47 51
1 23 48 51
1 23 49 51
1 23 50 51
1 23 51
1 24 48 51
1 24 49 51
1 24 50 51
1 24 51
1 25 50 51
1 25 51
