68 41799
884 11732
731 10771
846 9963
559 9457
440 6749
838 2015
580 10035
774 618
127 8025
478 8903
503 7107
24 9868
791 2310
608 11407
888 7521
515 9561
519 8373
940 9982
912 11844
643 4113
789 1146
857 2499
559 6939
866 10933
909 4654
477 11120
371 9802
843 1209
758 7573
680 10470
789 9728
438 4789
23 3724
721 3048
544 3279
35 1482
441 8757
856 9955
563 4608
244 10577
94 3636
223 11800
147 11316
647 8414
386 4703
850 9531
461 3922
870 4929
135 363
623 7875
409 8479
969 1942
909 9454
900 592
962 7948
37 9378
203 7699
57 1536
536 1085
605 6923
59 9896
886 7664
936 5040
39 6440
50 1856
500 7787
791 8748
416 8401
