70 47825
447 1869
283 2138
769 8591
593 11230
625 1827
695 337
818 11895
521 3823
161 4005
71 10991
599 5974
307 5245
18 5894
418 10147
783 1127
405 10849
446 8636
899 11806
386 508
837 5918
636 1905
245 8223
2 2967
328 9588
983 706
873 6752
761 8150
972 8765
236 10748
728 10905
391 4968
389 3106
962 10795
113 2839
21 3645
36 1467
725 3518
471 5257
469 2117
189 1433
986 4129
373 6905
62 3828
259 584
80 1106
548 11165
540 7348
457 4990
903 8017
274 7260
675 11866
49 6817
751 4262
10 4948
454 10845
672 5610
969 10234
26 5186
457 10979
652 982
45 1551
986 10399
596 174
320 10543
270 1106
127 11171
243 4586
665 2034
594 11448
213 5794
