83416001
125123668
135578243
83416001
125123668
88189964
83416001
125123668
105872819
83416001
125123668
127639353
83416001
125123668
134789318
83416001
125123668
115624434
83416001
125123668
95859398
83416001
125123668
102521897
83416001
125123668
87693371
83416001
125123668
106547293
83416001
125123668
98641579
83416001
125123668
127130970
83416001
125123668
119862692
83416001
125123668
114159727
83416001
125123668
127866569
83416001
125123668
113227085
83416001
125123668
87633208
83416001
125123668
155532898
83416001
125123668
95674802
83416001
125123668
107366203
83416001
125123668
109665822
83416001
125123668
141276019
83416001
125123668
83741933
83416001
125123668
122327688
83416001
125123668
126714841
83416001
125123668
103418108
83416001
125123668
92531735
83416001
125123668
97649113
83416001
125123668
86093818
83416001
125123668
133721726
83416001
125123668
96615638
83416001
125123668
126977652
83416001
125123668
110762438
83416001
125123668
94590962
83416001
125123668
109310042
83416001
125123668
118119319
83416001
125123668
117076842
83416001
125123668
102118536
83416001
125123668
114576043
83416001
125123668
106579148
83416001
125123668
89394585
83416001
125123668
146542244
83416001
125123668
90382451
83416001
125123668
134521357
83416001
125123668
101951722
83416001
125123668
117996454
83416001
125123668
136448869
83416001
125123668
106124521
83416001
125123668
111420500
83416001
125123668
98060934
83416001
125123668
120619627
83416001
125123668
97898369
83416001
125123668
118599369
83416001
125123668
87299890
83416001
125123668
105762290
83416001
125123668
93431708
83416001
125123668
116874055
83416001
125123668
91917911
83416001
125123668
113957764
83416001
125123668
159775174
83416001
125123668
127711968
83416001
125123668
146911484
83416001
125123668
97919737
83416001
125123668
163722844
83416001
125123668
98085657
83416001
125123668
97448148
83416001
125123668
123107711
83416001
125123668
99853199
83416001
125123668
113429276
83416001
125123668
148725124
83416001
125123668
84838482
83416001
125123668
130104478
83416001
125123668
101434143
83416001
125123668
101105363
83416001
125123668
106254833
83416001
125123668
127138746
83416001
125123668
88424776
83416001
125123668
83747865
83416001
125123668
115975125
83416001
125123668
98159649
83416001
125123668
113302560
83416001
125123668
113500099
83416001
125123668
100117758
83416001
125123668
125226598
83416001
125123668
145579290
83416001
125123668
121239952
83416001
125123668
107431252
83416001
125123668
104222326
83416001
125123668
88789272
83416001
125123668
116471964
83416001
125123668
155692922
83416001
125123668
126614901
83416001
125123668
83792215
83416001
125123668
89407939
83416001
125123668
112057643
83416001
125123668
112476408
83416001
125123668
140160639
83416001
125123668
102693537
83416001
125123668
121717710
83416001
125123668
107513719
83416001
125123668
133412352
83416001
125123668
119437922
83416001
125123668
89808969
83416001
125123668
83610450
83416001
125123668
99080533
83416001
125123668
142656488
83416001
125123668
103728025
83416001
125123668
87718416
83416001
125123668
89390093
83416001
125123668
109707733
83416001
125123668
112301676
83416001
125123668
135135449
83416001
125123668
106857500
83416001
125123668
99162918
83416001
125123668
95511324
83416001
125123668
124304813
83416001
125123668
107104117
83416001
125123668
104557421
83416001
125123668
139352162
83416001
125123668
99759332
83416001
125123668
94640985
83416001
125123668
98622602
83416001
125123668
91089867
83416001
125123668
139618287
83416001
125123668
103985558
83416001
125123668
98605652
83416001
125123668
92566323
83416001
125123668
86717715
83416001
125123668
136617474
83416001
125123668
116787124
83416001
125123668
85618791
83416001
125123668
128443445
83416001
125123668
119545601
83416001
125123668
164191456
83416001
125123668
110224333
83416001
125123668
103683949
83416001
125123668
92994637
83416001
125123668
84534161
83416001
125123668
89849353
83416001
125123668
119298676
83416001
125123668
110621884
83416001
125123668
107668161
83416001
125123668
145292753
83416001
125123668
104055937
83416001
125123668
130518084
83416001
125123668
128680435
83416001
125123668
102199850
83416001
125123668
89707993
83416001
125123668
112179042
83416001
125123668
100065881
83416001
125123668
101318844
83416001
125123668
98295978
83416001
125123668
90937711
83416001
125123668
111402539
83416001
125123668
122789032
83416001
125123668
156004834
83416001
125123668
84282546
83416001
125123668
97109375
83416001
125123668
101801308
83416001
125123668
132939885
83416001
125123668
92543594
83416001
125123668
105117649
83416001
125123668
87711457
83416001
125123668
149398631
83416001
125123668
147409435
83416001
125123668
113663850
83416001
125123668
123181679
83416001
125123668
108813928
83416001
125123668
89395971
83416001
125123668
122970911
83416001
125123668
149369448
83416001
125123668
138571892
83416001
125123668
135565099
83416001
125123668
131112008
83416001
125123668
103589950
83416001
125123668
90835968
83416001
125123668
145299699
83416001
125123668
129201319
83416001
125123668
95510508
83416001
125123668
90539460
83416001
125123668
149606611
83416001
125123668
124448831
83416001
125123668
119194116
83416001
125123668
114640018
83416001
125123668
140547394
83416001
125123668
105062694
83416001
125123668
97492500
83416001
125123668
127139415
83416001
125123668
138445380
83416001
125123668
125885213
83416001
125123668
95220065
83416001
125123668
112969159
83416001
125123668
113784475
83416001
125123668
113966890
83416001
125123668
137420047
83416001
125123668
139764754
83416001
125123668
87110291
83416001
125123668
129626356
83416001
125123668
95836943
83416001
125123668
127991669
83416001
125123668
85384022
83416001
125123668
108704302
83416001
125123668
83794511
83416001
125123668
104833424
83416001
125123668
97392644
83416001
125123668
84378152
83416001
125123668
108542907
83416001
125123668
119087497
83416001
125123668
91336277
83416001
125123668
133269194
83416001
125123668
99668135
83416001
125123668
105065386
83416001
125123668
117647013
83416001
125123668
90907275
83416001
125123668
94096519
83416001
125123668
104065627
83416001
125123668
132034097
83416001
125123668
107113924
83416001
125123668
155553597
83416001
125123668
157342534
83416001
125123668
99066190
83416001
125123668
135856850
83416001
125123668
122283649
83416001
125123668
136076374
83416001
125123668
88942576
83416001
125123668
98680295
83416001
125123668
117132941
83416001
125123668
90098478
83416001
125123668
85027618
83416001
125123668
100226604
83416001
125123668
96913300
83416001
125123668
97404043
83416001
125123668
99347614
83416001
125123668
95654921
83416001
125123668
101634553
83416001
125123668
109252238
83416001
125123668
125426184
83416001
125123668
86250583
83416001
125123668
116135920
83416001
125123668
94204675
83416001
125123668
85714250
83416001
125123668
136550675
83416001
125123668
91507104
83416001
125123668
84750731
83416001
125123668
92899202
83416001
125123668
145265253
83416001
125123668
86467163
83416001
125123668
96351374
83416001
125123668
110083750
83416001
125123668
103833581
83416001
125123668
103021762
83416001
125123668
93081919
83416001
125123668
92704270
83416001
125123668
107249372
83416001
125123668
117143017
83416001
125123668
140377864
83416001
125123668
96746988
83416001
125123668
142312816
83416001
125123668
89765126
83416001
125123668
87556211
83416001
125123668
113595224
83416001
125123668
88912564
83416001
125123668
97172326
83416001
125123668
88419280
83416001
125123668
83525023
83416001
125123668
109860656
83416001
125123668
92829032
83416001
125123668
87556340
83416001
125123668
86774727
83416001
125123668
165647855
83416001
125123668
102634030
83416001
125123668
98971007
83416001
125123668
91952151
83416001
125123668
87629064
83416001
125123668
98972325
83416001
125123668
95842529
83416001
125123668
110678152
83416001
125123668
105624171
83416001
125123668
102408617
83416001
125123668
94586175
83416001
125123668
91868159
83416001
125123668
83485044
83416001
125123668
145262107
83416001
125123668
112587949
83416001
125123668
92473852
83416001
125123668
87215637
83416001
125123668
94052176
83416001
125123668
102155907
83416001
125123668
130584649
83416001
125123668
91881755
83416001
125123668
89514240
83416001
125123668
118741287
83416001
125123668
115674084
83416001
125123668
94953769
83416001
125123668
162508964
83416001
125123668
132530649
83416001
125123668
121973929
83416001
125123668
109031788
83416001
125123668
161613484
83416001
125123668
92862812
83416001
125123668
84912932
83416001
125123668
95317732
83416001
125123668
93955608
83416001
125123668
106178547
83416001
125123668
97273185
83416001
125123668
91652131
83416001
125123668
87431124
83416001
125123668
123725284
83416001
125123668
124725232
83416001
125123668
104192258
83416001
125123668
151700862
83416001
125123668
88409766
83416001
125123668
148694930
83416001
125123668
94349483
83416001
125123668
122090961
83416001
125123668
114619992
83416001
125123668
122241314
83416001
125123668
88235656
83416001
125123668
92372972
83416001
125123668
109335277
83416001
125123668
84083132
83416001
125123668
100186533
83416001
125123668
84522289
83416001
125123668
95560547
83416001
125123668
83722238
83416001
125123668
111375726
83416001
125123668
97719368
83416001
125123668
83589134
83416001
125123668
115954904
83416001
125123668
100994307
83416001
125123668
102359486
83416001
125123668
138362134
83416001
125123668
130427211
83416001
125123668
87183974
83416001
125123668
132547153
83416001
125123668
100438189
83416001
125123668
129275729
83416001
125123668
89384489
83416001
125123668
137981939
83416001
125123668
132465917
83416001
125123668
151642919
83416001
125123668
130624850
83416001
125123668
159174454
83416001
125123668
113340155
83416001
125123668
102892462
83416001
125123668
110591351
83416001
125123668
106609809
83416001
125123668
119178550
83416001
125123668
101640747
83416001
125123668
114293634
83416001
125123668
113032243
83416001
125123668
98873021
83416001
125123668
141081159
83416001
125123668
124453579
83416001
125123668
91512624
83416001
125123668
145883386
83416001
125123668
103568315
83416001
125123668
106166177
83416001
125123668
88683923
83416001
125123668
114876204
83416001
125123668
109954095
83416001
125123668
135887087
83416001
125123668
85419247
83416001
125123668
93905593
83416001
125123668
122386523
83416001
125123668
114399013
83416001
125123668
83616596
83416001
125123668
132635847
83416001
125123668
125136323
83416001
125123668
84818298
83416001
125123668
93470190
83416001
125123668
114438058
83416001
125123668
96525735
83416001
125123668
111205426
83416001
125123668
90342758
83416001
125123668
88442066
83416001
125123668
116482042
83416001
125123668
114831231
83416001
125123668
104588459
83416001
125123668
91280155
83416001
125123668
118830526
83416001
125123668
107840777
83416001
125123668
112985654
83416001
125123668
108859199
83416001
125123668
110869954
83416001
125123668
84896354
83416001
125123668
113001895
83416001
125123668
141312622
83416001
125123668
106504922
83416001
125123668
130342003
83416001
125123668
107843554
83416001
125123668
140847038
83416001
125123668
97977364
83416001
125123668
123801840
83416001
125123668
131578724
83416001
125123668
118766832
83416001
125123668
133936921
83416001
125123668
106181954
83416001
125123668
86354351
83416001
125123668
117812999
83416001
125123668
88066669
83416001
125123668
88153477
83416001
125123668
138236422
83416001
125123668
91942647
83416001
125123668
106972192
83416001
125123668
120661495
83416001
125123668
90859456
83416001
125123668
90485775
83416001
125123668
113955251
83416001
125123668
100206519
83416001
125123668
108405824
83416001
125123668
109280911
83416001
125123668
84660870
83416001
125123668
95273661
83416001
125123668
144498478
83416001
125123668
123565561
83416001
125123668
114097575
83416001
125123668
138007905
83416001
125123668
85242622
83416001
125123668
98206112
83416001
125123668
91828083
83416001
125123668
104327041
83416001
125123668
94122477
83416001
125123668
128479284
83416001
125123668
93169267
83416001
125123668
101212931
83416001
125123668
127003664
83416001
125123668
126268194
83416001
125123668
111245075
83416001
125123668
111305060
83416001
125123668
124093213
83416001
125123668
89401899
83416001
125123668
123892481
83416001
125123668
96935077
83416001
125123668
143425757
83416001
125123668
100403949
83416001
125123668
86019864
83416001
125123668
90409258
83416001
125123668
120146672
83416001
125123668
131675134
83416001
125123668
93938129
83416001
125123668
151786066
83416001
125123668
133352113
83416001
125123668
106165444
83416001
125123668
124674640
83416001
125123668
160928558
83416001
125123668
113599593
83416001
125123668
104614341
83416001
125123668
88238874
83416001
125123668
127378369
83416001
125123668
153301700
83416001
125123668
115274981
83416001
125123668
133041067
83416001
125123668
100368199
83416001
125123668
116312168
83416001
125123668
129227464
83416001
125123668
112600403
83416001
125123668
122712178
83416001
125123668
140023500
83416001
125123668
107997643
83416001
125123668
161938482
83416001
125123668
110296580
83416001
125123668
143627222
83416001
125123668
121278908
83416001
125123668
136501739
83416001
125123668
100717768
83416001
125123668
141549405
83416001
125123668
159774123
83416001
125123668
87674926
83416001
125123668
154779670
83416001
125123668
91075089
83416001
125123668
99174948
83416001
125123668
90934250
83416001
125123668
97140770
83416001
125123668
114108531
83416001
125123668
84269889
83416001
125123668
141463337
83416001
125123668
124910435
83416001
125123668
93974979
83416001
125123668
142747993
83416001
125123668
97645959
83416001
125123668
139527143
83416001
125123668
136969405
83416001
125123668
92347875
83416001
125123668
107926090
83416001
125123668
90751925
83416001
125123668
111457599
83416001
125123668
118434556
83416001
125123668
111053519
83416001
125123668
92095133
83416001
125123668
137456358
83416001
125123668
115027135
83416001
125123668
111701275
83416001
125123668
116616315
83416001
125123668
122155554
83416001
125123668
128882201
83416001
125123668
137708194
83416001
125123668
100136003
83416001
125123668
151501139
83416001
125123668
96547695
83416001
125123668
114651223
83416001
125123668
92347247
83416001
125123668
115042656
83416001
125123668
142145961
83416001
125123668
91966329
83416001
125123668
145384463
83416001
125123668
107137608
83416001
125123668
100200369
83416001
125123668
158648119
83416001
125123668
140606890
83416001
125123668
139023127
83416001
125123668
161987124
83416001
125123668
94515489
83416001
125123668
120752133
83416001
125123668
87977071
83416001
125123668
141089187
83416001
125123668
132750232
83416001
125123668
108618689
83416001
125123668
84423565
83416001
125123668
126018212
83416001
125123668
149812335
83416001
125123668
90262654
83416001
125123668
155804927
83416001
125123668
133112000
83416001
125123668
91568577
83416001
125123668
126172157
83416001
125123668
87597405
83416001
125123668
124251505
83416001
125123668
149353613
83416001
125123668
106068140
83416001
125123668
104493247
83416001
125123668
109143048
83416001
125123668
86044369
83416001
125123668
107751258
83416001
125123668
88728235
83416001
125123668
124105244
83416001
125123668
87087043
83416001
125123668
135140097
83416001
125123668
147171020
83416001
125123668
96947165
83416001
125123668
151863709
83416001
125123668
88334764
83416001
125123668
88079705
83416001
125123668
91265593
83416001
125123668
142555773
83416001
125123668
92092792
83416001
125123668
85022619
83416001
125123668
134471630
83416001
125123668
107321129
83416001
125123668
100937717
83416001
125123668
145932205
83416001
125123668
158639069
83416001
125123668
104887421
83416001
125123668
92266630
83416001
125123668
116045065
83416001
125123668
107223562
83416001
125123668
93867405
83416001
125123668
142743694
83416001
125123668
92056035
83416001
125123668
86326533
83416001
125123668
122424675
83416001
125123668
84136661
83416001
125123668
103310269
83416001
125123668
84176950
83416001
125123668
104688779
83416001
125123668
163402942
83416001
125123668
99799377
83416001
125123668
94728342
83416001
125123668
133441679
83416001
125123668
110475408
83416001
125123668
83600543
83416001
125123668
114743120
83416001
125123668
93240066
83416001
125123668
97691208
83416001
125123668
115211923
83416001
125123668
84204074
83416001
125123668
103393611
83416001
125123668
114727301
83416001
125123668
95247637
83416001
125123668
92090274
83416001
125123668
135075840
83416001
125123668
135853189
83416001
125123668
115477938
83416001
125123668
106713065
83416001
125123668
154396868
83416001
125123668
104295937
83416001
125123668
134208439
83416001
125123668
85551307
83416001
125123668
117447423
83416001
125123668
100744757
83416001
125123668
100124036
83416001
125123668
114593811
83416001
125123668
136782525
83416001
125123668
92775416
83416001
125123668
87857032
83416001
125123668
120563653
83416001
125123668
90197548
83416001
125123668
85092450
83416001
125123668
124025836
83416001
125123668
86713123
83416001
125123668
92936019
83416001
125123668
85004077
83416001
125123668
91628888
83416001
125123668
135744994
83416001
125123668
103804459
83416001
125123668
122730673
83416001
125123668
136824081
83416001
125123668
128760598
83416001
125123668
84385886
83416001
125123668
93149043
83416001
125123668
103742614
83416001
125123668
88530786
83416001
125123668
85074325
83416001
125123668
159572982
83416001
125123668
149355496
83416001
125123668
88833555
83416001
125123668
150534113
83416001
125123668
86190038
83416001
125123668
107749643
83416001
125123668
122160745
83416001
125123668
118467942
83416001
125123668
83696502
83416001
125123668
141703343
83416001
125123668
115882578
83416001
125123668
113695441
83416001
125123668
103514699
83416001
125123668
101916512
83416001
125123668
97615082
83416001
125123668
84353058
83416001
125123668
130887590
83416001
125123668
114278990
83416001
125123668
116180024
83416001
125123668
103386097
83416001
125123668
122116134
83416001
125123668
110416017
83416001
125123668
105272639
83416001
125123668
84590612
83416001
125123668
127606139
83416001
125123668
88843021
83416001
125123668
94848319
83416001
125123668
112400295
83416001
125123668
112641510
83416001
125123668
121000370
83416001
125123668
113021517
83416001
125123668
88830695
83416001
125123668
91308233
83416001
125123668
140224064
83416001
125123668
125723467
83416001
125123668
98217996
83416001
125123668
96546330
83416001
125123668
121044423
83416001
125123668
97878079
83416001
125123668
85244223
83416001
125123668
109500828
83416001
125123668
136631891
83416001
125123668
85895198
83416001
125123668
150168027
83416001
125123668
85706024
83416001
125123668
87530341
83416001
125123668
95324732
83416001
125123668
85022650
83416001
125123668
122651487
83416001
125123668
114042794
83416001
125123668
126437311
83416001
125123668
91109438
83416001
125123668
131869146
83416001
125123668
106431240
83416001
125123668
101790648
83416001
125123668
123741358
83416001
125123668
91768982
83416001
125123668
123272672
83416001
125123668
149931671
83416001
125123668
115806375
83416001
125123668
143484639
83416001
125123668
90432007
83416001
125123668
106787593
83416001
125123668
126789910
83416001
125123668
140076175
83416001
125123668
124545720
83416001
125123668
145211818
83416001
125123668
89539278
83416001
125123668
102189589
83416001
125123668
97886356
83416001
125123668
144472945
83416001
125123668
140868775
83416001
125123668
152899984
83416001
125123668
103022822
83416001
125123668
105953237
83416001
125123668
94386167
83416001
125123668
105958690
83416001
125123668
146376821
83416001
125123668
107432157
83416001
125123668
117602005
83416001
125123668
120109240
83416001
125123668
87984769
83416001
125123668
87104997
83416001
125123668
118748212
83416001
125123668
113864700
83416001
125123668
108364563
83416001
125123668
108929898
83416001
125123668
104410500
83416001
125123668
106703795
83416001
125123668
95592312
83416001
125123668
84760264
83416001
125123668
125116906
83416001
125123668
133002224
83416001
125123668
129276320
83416001
125123668
139527329
83416001
125123668
146969925
83416001
125123668
134017253
83416001
125123668
112666487
83416001
125123668
117015578
83416001
125123668
85562566
83416001
125123668
99697412
83416001
125123668
91109390
83416001
125123668
91257501
83416001
125123668
108107448
83416001
125123668
130928991
83416001
125123668
121187869
83416001
125123668
120545325
83416001
125123668
86692418
83416001
125123668
141611417
83416001
125123668
99831814
83416001
125123668
93858357
83416001
125123668
99413781
83416001
125123668
95514855
83416001
125123668
123922534
83416001
125123668
118421591
83416001
125123668
85058564
83416001
125123668
104121208
83416001
125123668
87672766
83416001
125123668
101960903
83416001
125123668
89867759
83416001
125123668
85052111
83416001
125123668
101463728
83416001
125123668
97650867
83416001
125123668
132246000
83416001
125123668
101626493
83416001
125123668
107575644
83416001
125123668
100710980
83416001
125123668
100234864
83416001
125123668
102050295
83416001
125123668
87741710
83416001
125123668
85823291
83416001
125123668
84415430
83416001
125123668
97985344
83416001
125123668
111827549
83416001
125123668
140499761
83416001
125123668
148881349
83416001
125123668
94418859
83416001
125123668
94952387
83416001
125123668
125461510
83416001
125123668
134793710
83416001
125123668
108612124
83416001
125123668
98893720
83416001
125123668
144756325
83416001
125123668
91759573
83416001
125123668
132656795
83416001
125123668
98520044
83416001
125123668
92570373
83416001
125123668
97596475
83416001
125123668
86858789
83416001
125123668
130602950
83416001
125123668
83430891
83416001
125123668
95180517
83416001
125123668
155416648
83416001
125123668
84385359
83416001
125123668
131775731
83416001
125123668
101285967
83416001
125123668
106342392
83416001
125123668
143064436
83416001
125123668
115578529
83416001
125123668
92953255
83416001
125123668
128914947
83416001
125123668
90330196
83416001
125123668
90959095
83416001
125123668
91990965
83416001
125123668
118046240
83416001
125123668
90493772
83416001
125123668
126248902
83416001
125123668
133709815
83416001
125123668
102893000
83416001
125123668
113627121
83416001
125123668
106270591
83416001
125123668
100218448
83416001
125123668
97867758
83416001
125123668
100960180
83416001
125123668
124066649
83416001
125123668
108931618
83416001
125123668
98287799
83416001
125123668
135337994
83416001
125123668
128599457
83416001
125123668
96584242
83416001
125123668
120768514
83416001
125123668
152461192
83416001
125123668
97546155
83416001
125123668
151801194
83416001
125123668
114183622
83416001
125123668
131604713
83416001
125123668
96951698
83416001
125123668
84739645
83416001
125123668
147016740
83416001
125123668
129842355
83416001
125123668
124663463
83416001
125123668
92926003
83416001
125123668
121334388
83416001
125123668
113020902
83416001
125123668
140355938
83416001
125123668
92271834
83416001
125123668
87650360
83416001
125123668
149980635
83416001
125123668
129452143
83416001
125123668
135122853
83416001
125123668
116222210
83416001
125123668
112651926
83416001
125123668
86123812
83416001
125123668
95077884
83416001
125123668
83462587
83416001
125123668
121445545
83416001
125123668
104756899
83416001
125123668
136501748
83416001
125123668
85927260
83416001
125123668
107366466
83416001
125123668
103549072
83416001
125123668
102515070
83416001
125123668
85163297
83416001
125123668
140508083
83416001
125123668
88056106
83416001
125123668
107639545
83416001
125123668
136709844
83416001
125123668
110031759
83416001
125123668
133796831
83416001
125123668
96076666
83416001
125123668
109391477
83416001
125123668
87860537
83416001
125123668
125247067
83416001
125123668
97451282
83416001
125123668
93882810
83416001
125123668
89931601
83416001
125123668
102871047
83416001
125123668
83542410
83416001
125123668
126869887
83416001
125123668
116535018
83416001
125123668
112254005
83416001
125123668
135871077
83416001
125123668
88040314
83416001
125123668
94181936
83416001
125123668
160872095
83416001
125123668
98387899
83416001
125123668
138395808
83416001
125123668
98142295
83416001
125123668
110582718
83416001
125123668
129013177
83416001
125123668
109622703
83416001
125123668
132763767
83416001
125123668
103055424
83416001
125123668
165495399
83416001
125123668
111112315
83416001
125123668
136117859
83416001
125123668
147701203
83416001
125123668
108914757
83416001
125123668
110883429
83416001
125123668
133450986
83416001
125123668
85982609
83416001
125123668
146978417
83416001
125123668
135345458
83416001
125123668
95357289
83416001
125123668
106041763
83416001
125123668
126759506
83416001
125123668
84424894
83416001
125123668
123189800
83416001
125123668
90587057
83416001
125123668
92427900
83416001
125123668
88660454
83416001
125123668
87736616
83416001
125123668
158287627
83416001
125123668
115246530
83416001
125123668
106775541
83416001
125123668
128397046
83416001
125123668
95586363
83416001
125123668
141975238
83416001
125123668
88224922
83416001
125123668
97982649
83416001
125123668
123362265
83416001
125123668
119345969
83416001
125123668
121202449
83416001
125123668
150326523
83416001
125123668
150508408
83416001
125123668
136751203
83416001
125123668
104648553
83416001
125123668
111014395
83416001
125123668
135577214
83416001
125123668
99767324
83416001
125123668
128935755
83416001
125123668
88209393
83416001
125123668
123926457
83416001
125123668
102213366
83416001
125123668
107654555
83416001
125123668
119516582
83416001
125123668
88616890
83416001
125123668
109609329
83416001
125123668
91963496
83416001
125123668
86106386
83416001
125123668
124933489
83416001
125123668
102347745
83416001
125123668
89426331
83416001
125123668
105070788
83416001
125123668
93672693
83416001
125123668
89232308
83416001
125123668
106344660
83416001
125123668
158837124
83416001
125123668
127917294
83416001
125123668
107334802
83416001
125123668
117398015
83416001
125123668
89777698
83416001
125123668
91743096
83416001
125123668
135486396
83416001
125123668
99120504
83416001
125123668
130344917
83416001
125123668
140142493
83416001
125123668
105167787
83416001
125123668
125318971
83416001
125123668
84989586
83416001
125123668
91172545
83416001
125123668
142557143
83416001
125123668
93193046
83416001
125123668
116609528
83416001
125123668
113020479
83416001
125123668
91066463
83416001
125123668
160862888
83416001
125123668
118329213
83416001
125123668
117563845
83416001
125123668
105887005
83416001
125123668
111174253
83416001
125123668
117922536
83416001
125123668
136147089
83416001
125123668
135934596
83416001
125123668
133803790
83416001
125123668
122365569
83416001
125123668
92125982
83416001
125123668
140085107
83416001
125123668
110265221
83416001
125123668
101275786
83416001
125123668
133547473
83416001
125123668
114283792
83416001
125123668
86442024
83416001
125123668
102520290
83416001
125123668
128118833
83416001
125123668
149207267
83416001
125123668
128782514
83416001
125123668
134889281
83416001
125123668
93748627
83416001
125123668
93325225
83416001
125123668
109823586
83416001
125123668
118608775
83416001
125123668
135304116
83416001
125123668
103698691
83416001
125123668
94690891
83416001
125123668
120196483
83416001
125123668
143954258
83416001
125123668
90270737
83416001
125123668
85243878
83416001
125123668
126510047
83416001
125123668
123667462
83416001
125123668
117207594
83416001
125123668
117836454
83416001
125123668
88753526
83416001
125123668
103156758
83416001
125123668
97177144
83416001
125123668
97547122
83416001
125123668
109736512
83416001
125123668
158661736
83416001
125123668
87707455
83416001
125123668
141035720
83416001
125123668
113760927
83416001
125123668
113810795
83416001
125123668
128342010
83416001
125123668
102313068
83416001
125123668
93059523
83416001
125123668
133331438
83416001
125123668
86435423
83416001
125123668
94546255
83416001
125123668
129451428
83416001
125123668
94575272
83416001
125123668
106388148
83416001
125123668
137778340
83416001
125123668
88221066
83416001
125123668
105798334
83416001
125123668
98131819
83416001
125123668
115516500
83416001
125123668
151291514
83416001
125123668
146939989
83416001
125123668
117096552
83416001
125123668
91957685
83416001
125123668
97269180
83416001
125123668
102124525
83416001
125123668
107772751
83416001
125123668
119939988
83416001
125123668
107263125
83416001
125123668
124105790
83416001
125123668
95121894
83416001
125123668
113452600
83416001
125123668
103528234
83416001
125123668
94868633
83416001
125123668
87601803
83416001
125123668
86745288
83416001
125123668
94993687
83416001
125123668
128366323
83416001
125123668
114278299
83416001
125123668
97477386
83416001
125123668
121735778
83416001
125123668
98513246
83416001
125123668
94070237
83416001
125123668
99181676
83416001
125123668
117783893
83416001
125123668
87847635
83416001
125123668
99897324
83416001
125123668
122420839
83416001
125123668
161304049
83416001
125123668
102379017
83416001
125123668
106641379
83416001
125123668
86215229
83416001
125123668
86754244
83416001
125123668
136973463
83416001
125123668
108581492
83416001
125123668
122020870
83416001
125123668
118833006
83416001
125123668
88497142
83416001
125123668
92699665
83416001
125123668
119709145
83416001
125123668
94876007
83416001
125123668
119468894
83416001
125123668
101130014
83416001
125123668
112357235
83416001
125123668
85918485
83416001
125123668
88979217
83416001
125123668
101467842
83416001
125123668
89922378
83416001
125123668
131043138
83416001
125123668
129703399
83416001
125123668
147934152
83416001
125123668
103156998
83416001
125123668
113275557
83416001
125123668
102673987
83416001
125123668
106152041
83416001
125123668
99198039
83416001
125123668
100307365
83416001
125123668
86724111
83416001
125123668
119027984
83416001
125123668
114015863
83416001
125123668
102165819
83416001
125123668
117659943
83416001
125123668
102205169
83416001
125123668
143203678
83416001
125123668
88930378
83416001
125123668
89689202
83416001
125123668
101594049
83416001
125123668
136990258
83416001
125123668
129878296
83416001
125123668
145719917
83416001
125123668
135757637
83416001
125123668
93669663
83416001
125123668
121832286
83416001
125123668
151797371
83416001
125123668
87595832
83416001
125123668
86223772
83416001
125123668
115645109
83416001
125123668
133688220
83416001
125123668
134099646
83416001
125123668
105171201
83416001
125123668
143438457
83416001
125123668
117945359
83416001
125123668
141002137
83416001
125123668
141529735
83416001
125123668
98292122
83416001
125123668
117323216
83416001
125123668
113850606
83416001
125123668
84953060
83416001
125123668
123734060
83416001
125123668
100297363
83416001
125123668
126111692
83416001
125123668
131975212
83416001
125123668
134504374
83416001
125123668
89772084
83416001
125123668
124694184
83416001
125123668
88986923
83416001
125123668
103929282
83416001
125123668
127325423
83416001
125123668
104893563
83416001
125123668
111779972
83416001
125123668
99740259
83416001
125123668
95805958
83416001
125123668
102970952
83416001
125123668
144820400
83416001
125123668
110454283
83416001
125123668
124850292
83416001
125123668
94781703
83416001
125123668
94777467
83416001
125123668
109941477
83416001
125123668
128181790
83416001
125123668
140277269
83416001
125123668
150020178
83416001
125123668
83771636
83416001
125123668
84865183
83416001
125123668
123754246
83416001
125123668
139677159
83416001
125123668
89992966
83416001
125123668
103048637
83416001
125123668
107757351
83416001
125123668
83976752
83416001
125123668
102719443
83416001
125123668
94766661
83416001
125123668
123047822
83416001
125123668
133412513
83416001
125123668
125850878
83416001
125123668
94996636
83416001
125123668
116935441
83416001
125123668
88420074
83416001
125123668
97225669
83416001
125123668
93458502
83416001
125123668
89583463
83416001
125123668
90794345
83416001
125123668
86188152
83416001
125123668
128299231
83416001
125123668
138828600
83416001
125123668
105897522
83416001
125123668
121337424
83416001
125123668
108407960
83416001
125123668
115725549
83416001
125123668
88793325
83416001
125123668
109892296
83416001
125123668
153169068
83416001
125123668
102384518
83416001
125123668
128835889
83416001
125123668
145102392
83416001
125123668
86057677
83416001
125123668
123867921
83416001
125123668
92861905
83416001
125123668
98931324
83416001
125123668
107191291
83416001
125123668
133428857
83416001
125123668
126791007
83416001
125123668
93238736
83416001
125123668
91692824
83416001
125123668
89848258
83416001
125123668
91071578
83416001
125123668
88201762
83416001
125123668
93147677
83416001
125123668
150078408
83416001
125123668
92977468
83416001
125123668
88084031
83416001
125123668
100957937
83416001
125123668
98983772
83416001
125123668
129854785
83416001
125123668
122452668
83416001
125123668
126686500
83416001
125123668
98058074
83416001
125123668
108246594
83416001
125123668
140255559
83416001
125123668
96730446
83416001
125123668
89897278
83416001
125123668
101969779
83416001
125123668
87153901
83416001
125123668
143601360
83416001
125123668
105607512
83416001
125123668
92081563
83416001
125123668
132693945
83416001
125123668
95734008
83416001
125123668
132910102
83416001
125123668
116259285
83416001
125123668
99286828
83416001
125123668
114889107
83416001
125123668
134015714
83416001
125123668
163779099
83416001
125123668
101933685
83416001
125123668
113576872
83416001
125123668
112766824
83416001
125123668
140176217
83416001
125123668
101001810
83416001
125123668
102610462
83416001
125123668
96882011
83416001
125123668
152881605
83416001
125123668
112895881
83416001
125123668
119210957
83416001
125123668
109780768
83416001
125123668
106119165
83416001
125123668
96914456
83416001
125123668
86762151
83416001
125123668
86217926
83416001
125123668
104438547
83416001
125123668
133207423
83416001
125123668
94183226
83416001
125123668
87180662
83416001
125123668
126752005
83416001
125123668
105526239
83416001
125123668
92684015
83416001
125123668
89395027
83416001
125123668
133489596
83416001
125123668
118919696
83416001
125123668
92033574
83416001
125123668
98193666
83416001
125123668
92978243
83416001
125123668
86105237
83416001
125123668
120916131
83416001
125123668
84292493
83416001
125123668
122232443
83416001
125123668
91762098
83416001
125123668
91974954
83416001
125123668
125271005
83416001
125123668
85738304
83416001
125123668
92842487
83416001
125123668
93275335
83416001
125123668
130298401
83416001
125123668
91468344
83416001
125123668
84373699
83416001
125123668
91113441
83416001
125123668
96266659
83416001
125123668
94174646
83416001
125123668
109949563
83416001
125123668
103053206
83416001
125123668
131493407
83416001
125123668
142051327
83416001
125123668
113856632
83416001
125123668
140525015
83416001
125123668
88044488
83416001
125123668
97683609
83416001
125123668
92712608
83416001
125123668
110139986
83416001
125123668
116413247
83416001
125123668
125872287
83416001
125123668
101603209
83416001
125123668
99284264
83416001
125123668
122007200
83416001
125123668
115333621
83416001
125123668
130787268
83416001
125123668
150058308
83416001
125123668
116275615
83416001
125123668
86617650
83416001
125123668
101960868
83416001
125123668
108256233
83416001
125123668
140425241
83416001
125123668
112076240
83416001
125123668
124015380
83416001
125123668
103540813
83416001
125123668
106919286
83416001
125123668
88522825
83416001
125123668
109463492
83416001
125123668
87841658
83416001
125123668
139881435
83416001
125123668
149312104
83416001
125123668
127311499
83416001
125123668
139186017
83416001
125123668
90150155
83416001
125123668
86478987
83416001
125123668
119190880
83416001
125123668
91486782
83416001
125123668
104347378
83416001
125123668
133676647
83416001
125123668
101638879
83416001
125123668
93497191
83416001
125123668
122423430
83416001
125123668
84084174
83416001
125123668
137734040
83416001
125123668
124076343
83416001
125123668
147311345
83416001
125123668
102743899
83416001
125123668
85682915
83416001
125123668
87083787
83416001
125123668
104032503
83416001
125123668
156653448
83416001
125123668
131392802
83416001
125123668
128529627
83416001
125123668
112706993
83416001
125123668
96821499
83416001
125123668
108042876
83416001
125123668
152993199
83416001
125123668
111792804
83416001
125123668
97619162
83416001
125123668
96872204
83416001
125123668
103997793
83416001
125123668
94324155
83416001
125123668
98734359
83416001
125123668
103418601
83416001
125123668
140389081
83416001
125123668
127875577
83416001
125123668
86630403
83416001
125123668
100659819
83416001
125123668
109373959
83416001
125123668
95073929
83416001
125123668
90160610
83416001
125123668
111228659
83416001
125123668
117063347
83416001
125123668
97462977
83416001
125123668
132929172
83416001
125123668
107150171
83416001
125123668
139653581
83416001
125123668
111153368
83416001
125123668
153466318
83416001
125123668
89946275
83416001
125123668
84440660
83416001
125123668
86224498
83416001
125123668
88037149
83416001
125123668
94519151
83416001
125123668
85215020
83416001
125123668
142132888
83416001
125123668
87568319
83416001
125123668
102483140
83416001
125123668
140968563
83416001
125123668
99910614
83416001
125123668
107841542
83416001
125123668
140370949
83416001
125123668
130846904
83416001
125123668
163772696
83416001
125123668
114709180
83416001
125123668
130305714
83416001
125123668
118977819
83416001
125123668
123142978
83416001
125123668
97714084
83416001
125123668
96889268
83416001
125123668
100136930
83416001
125123668
127829343
83416001
125123668
98293446
83416001
125123668
126020533
83416001
125123668
87078902
83416001
125123668
105472156
83416001
125123668
86696174
83416001
125123668
110043553
83416001
125123668
126904439
83416001
125123668
84963495
83416001
125123668
87439589
83416001
125123668
146924310
83416001
125123668
116692519
83416001
125123668
138035187
83416001
125123668
94011019
83416001
125123668
94798231
83416001
125123668
98511746
83416001
125123668
85029684
83416001
125123668
153956673
83416001
125123668
87948900
83416001
125123668
121073993
83416001
125123668
110115167
83416001
125123668
113740668
83416001
125123668
105148046
83416001
125123668
86546503
83416001
125123668
109765089
83416001
125123668
110265319
83416001
125123668
86612150
83416001
125123668
98801123
83416001
125123668
119618052
83416001
125123668
94784097
83416001
125123668
97971713
83416001
125123668
84535356
83416001
125123668
124348712
83416001
125123668
83582747
83416001
125123668
121165195
83416001
125123668
86054590
83416001
125123668
105717683
83416001
125123668
152009369
83416001
125123668
83911289
83416001
125123668
88796867
83416001
125123668
102156003
83416001
125123668
86627598
83416001
125123668
155480669
83416001
125123668
88834902
83416001
125123668
113395428
83416001
125123668
101617230
83416001
125123668
101575671
83416001
125123668
84755042
83416001
125123668
132614374
83416001
125123668
142977363
83416001
125123668
98952080
83416001
125123668
100067966
83416001
125123668
85171541
83416001
125123668
153623551
83416001
125123668
91160575
83416001
125123668
116889982
83416001
125123668
95261762
83416001
125123668
97257938
83416001
125123668
99319712
83416001
125123668
111270247
83416001
125123668
92354340
83416001
125123668
137489424
83416001
125123668
131283881
83416001
125123668
107899545
83416001
125123668
96490458
83416001
125123668
126744652
83416001
125123668
110086378
83416001
125123668
106872044
83416001
125123668
86185015
83416001
125123668
146185015
83416001
125123668
115571455
83416001
125123668
126030400
83416001
125123668
85571953
83416001
125123668
112056400
83416001
125123668
108790638
83416001
125123668
85112287
83416001
125123668
110364762
83416001
125123668
102723953
83416001
125123668
130217459
83416001
125123668
115330960
83416001
125123668
84719113
83416001
125123668
137014099
83416001
125123668
88875303
83416001
125123668
130385299
83416001
125123668
97225154
83416001
125123668
138249046
83416001
125123668
145738260
83416001
125123668
126245833
83416001
125123668
86547731
83416001
125123668
91754389
83416001
125123668
146391686
83416001
125123668
120718960
83416001
125123668
96267162
83416001
125123668
136879408
83416001
125123668
91506114
83416001
125123668
109258895
83416001
125123668
116806885
83416001
125123668
128799750
83416001
125123668
109784805
83416001
125123668
125616828
83416001
125123668
84164325
83416001
125123668
95098877
83416001
125123668
148643830
83416001
125123668
84651699
83416001
125123668
92493325
83416001
125123668
165565168
83416001
125123668
85678878
83416001
125123668
88046564
83416001
125123668
115918003
83416001
125123668
157894198
83416001
125123668
142881322
83416001
125123668
114996325
83416001
125123668
101246757
83416001
125123668
110585183
83416001
125123668
165082126
83416001
125123668
83715318
83416001
125123668
95578124
83416001
125123668
109780977
83416001
125123668
140075096
83416001
125123668
127498777
83416001
125123668
149142851
83416001
125123668
105130100
83416001
125123668
114255950
83416001
125123668
132742081
83416001
125123668
103957092
83416001
125123668
110942427
83416001
125123668
88497540
83416001
125123668
140534842
83416001
125123668
89190702
83416001
125123668
105408464
83416001
125123668
97362128
83416001
125123668
116730773
83416001
125123668
92585269
83416001
125123668
95417343
83416001
125123668
85811148
83416001
125123668
129174600
83416001
125123668
118830014
83416001
125123668
84771935
83416001
125123668
121225824
83416001
125123668
97908229
83416001
125123668
147878304
83416001
125123668
98846709
83416001
125123668
149356515
83416001
125123668
123594088
83416001
125123668
98880174
83416001
125123668
149511391
83416001
125123668
103166412
83416001
125123668
98028457
83416001
125123668
119558752
83416001
125123668
119952844
83416001
125123668
121044255
83416001
125123668
116288931
83416001
125123668
145228533
83416001
125123668
114370127
83416001
125123668
91475313
83416001
125123668
125506726
83416001
125123668
85123025
83416001
125123668
130980759
83416001
125123668
84045614
83416001
125123668
115213879
83416001
125123668
127242482
83416001
125123668
128962674
83416001
125123668
118638114
83416001
125123668
88658972
83416001
125123668
133281439
83416001
125123668
95354446
83416001
125123668
141413982
83416001
125123668
123555733
83416001
125123668
88573763
83416001
125123668
92601752
83416001
125123668
112663731
83416001
125123668
151990296
83416001
125123668
102844784
83416001
125123668
85615686
83416001
125123668
120994805
83416001
125123668
128401986
83416001
125123668
140962424
83416001
125123668
87547390
83416001
125123668
121634375
83416001
125123668
86032558
83416001
125123668
133212213
83416001
125123668
85110153
83416001
125123668
132555409
83416001
125123668
136424110
83416001
125123668
99759581
83416001
125123668
165610877
83416001
125123668
143875499
83416001
125123668
118531655
83416001
125123668
131629676
83416001
125123668
93693354
83416001
125123668
129026792
83416001
125123668
94590444
83416001
125123668
92359949
83416001
125123668
117692202
83416001
125123668
85468095
83416001
125123668
86280259
83416001
125123668
89464108
83416001
125123668
136695930
83416001
125123668
100988601
83416001
125123668
128300409
83416001
125123668
112145952
83416001
125123668
87024328
83416001
125123668
89040238
83416001
125123668
96202628
83416001
125123668
96037528
83416001
125123668
122002209
83416001
125123668
104530131
83416001
125123668
105229285
83416001
125123668
123988184
83416001
125123668
108968650
83416001
125123668
101228550
83416001
125123668
86990173
83416001
125123668
86088499
83416001
125123668
141419382
83416001
125123668
91642356
83416001
125123668
86084333
83416001
125123668
98928113
83416001
125123668
107988776
83416001
125123668
102386034
83416001
125123668
99950779
83416001
125123668
103331289
83416001
125123668
130460207
83416001
125123668
88431972
83416001
125123668
131542573
83416001
125123668
115808458
83416001
125123668
140997885
83416001
125123668
99665348
83416001
125123668
89484083
83416001
125123668
127464881
83416001
125123668
99613493
83416001
125123668
148139287
83416001
125123668
119028797
83416001
125123668
106627867
83416001
125123668
128451394
83416001
125123668
132049374
83416001
125123668
104584677
83416001
125123668
112602923
83416001
125123668
107569343
83416001
125123668
145793650
83416001
125123668
162577253
83416001
125123668
107190108
83416001
125123668
94083913
83416001
125123668
147974157
83416001
125123668
117611230
83416001
125123668
98260290
83416001
125123668
86864757
83416001
125123668
114574701
83416001
125123668
95025303
83416001
125123668
135190892
83416001
125123668
118635151
83416001
125123668
143392537
83416001
125123668
98247608
83416001
125123668
129370692
83416001
125123668
98192513
83416001
125123668
85238741
83416001
125123668
126994066
83416001
125123668
96494589
83416001
125123668
126221378
83416001
125123668
117776199
83416001
125123668
88436529
83416001
125123668
109615421
83416001
125123668
93874581
83416001
125123668
101047377
83416001
125123668
93242404
83416001
125123668
102691196
83416001
125123668
105332277
83416001
125123668
98892130
83416001
125123668
110336952
83416001
125123668
110172382
83416001
125123668
91311178
83416001
125123668
88048529
83416001
125123668
122891018
83416001
125123668
126060404
83416001
125123668
93076814
83416001
125123668
88496654
83416001
125123668
104279346
83416001
125123668
129419829
83416001
125123668
156000054
83416001
125123668
110125955
83416001
125123668
120591209
83416001
125123668
128823156
83416001
125123668
104141270
83416001
125123668
151904041
83416001
125123668
117438558
83416001
125123668
118917745
83416001
125123668
151545087
83416001
125123668
120533451
83416001
125123668
88113883
83416001
125123668
129159106
83416001
125123668
101538772
83416001
125123668
87454036
83416001
125123668
95332214
83416001
125123668
121432532
83416001
125123668
106612787
83416001
125123668
91950666
83416001
125123668
92608174
83416001
125123668
93581376
83416001
125123668
85623495
83416001
125123668
165188185
83416001
125123668
84854894
83416001
125123668
126788713
83416001
125123668
125359883
83416001
125123668
89311601
83416001
125123668
134305974
83416001
125123668
122899594
83416001
125123668
127624741
83416001
125123668
88714774
83416001
125123668
90842628
83416001
125123668
92798983
83416001
125123668
99180893
83416001
125123668
92123073
83416001
125123668
90167542
83416001
125123668
88364480
83416001
125123668
90427105
83416001
125123668
85773748
83416001
125123668
105125224
83416001
125123668
138585491
83416001
125123668
123971394
83416001
125123668
85086943
83416001
125123668
135730170
83416001
125123668
97059161
83416001
125123668
129370319
83416001
125123668
129207781
83416001
125123668
99556894
83416001
125123668
122547955
83416001
125123668
112755357
83416001
125123668
105702875
83416001
125123668
156936752
83416001
125123668
114732739
83416001
125123668
128728159
83416001
125123668
139647687
83416001
125123668
84895353
83416001
125123668
111147252
83416001
125123668
127113683
83416001
125123668
118892519
83416001
125123668
135712664
83416001
125123668
148945355
83416001
125123668
97193499
83416001
125123668
122650975
83416001
125123668
84981397
83416001
125123668
116980354
83416001
125123668
92457769
83416001
125123668
110400853
83416001
125123668
98599623
83416001
125123668
107954418
83416001
125123668
84326969
83416001
125123668
