83416001
125123668
89309229
83416001
125123668
118798817
83416001
125123668
93173102
83416001
125123668
110396971
83416001
125123668
98609988
83416001
125123668
120099819
83416001
125123668
97716003
83416001
125123668
118496085
83416001
125123668
146113125
83416001
125123668
133025328
83416001
125123668
101804649
83416001
125123668
104152525
83416001
125123668
110805640
83416001
125123668
123981279
83416001
125123668
105164149
83416001
125123668
110078451
83416001
125123668
94429470
83416001
125123668
89090699
83416001
125123668
130033487
83416001
125123668
88491842
83416001
125123668
99913148
83416001
125123668
127095736
83416001
125123668
129387382
83416001
125123668
94423186
83416001
125123668
143195367
83416001
125123668
105487250
83416001
125123668
132083218
83416001
125123668
111317986
83416001
125123668
105426828
83416001
125123668
134417233
83416001
125123668
107961312
83416001
125123668
95014186
83416001
125123668
119368677
83416001
125123668
92193187
83416001
125123668
121502073
83416001
125123668
87281930
83416001
125123668
144965248
83416001
125123668
98559566
83416001
125123668
121120061
83416001
125123668
152092259
83416001
125123668
105671420
83416001
125123668
127507776
83416001
125123668
118377677
83416001
125123668
102425590
83416001
125123668
99153369
83416001
125123668
111337522
83416001
125123668
127588911
83416001
125123668
135757900
83416001
125123668
97229219
83416001
125123668
84154937
83416001
125123668
161131068
83416001
125123668
87940045
83416001
125123668
124798038
83416001
125123668
89185949
83416001
125123668
110566349
83416001
125123668
143163133
83416001
125123668
134568379
83416001
125123668
104881143
83416001
125123668
96203063
83416001
125123668
144072024
83416001
125123668
122951727
83416001
125123668
101902149
83416001
125123668
102041949
83416001
125123668
94902776
83416001
125123668
89217565
83416001
125123668
92833456
83416001
125123668
101921364
83416001
125123668
151317691
83416001
125123668
89833478
83416001
125123668
111104000
83416001
125123668
106164603
83416001
125123668
150151997
83416001
125123668
113461400
83416001
125123668
135247593
83416001
125123668
99854618
83416001
125123668
95568304
83416001
125123668
88199637
83416001
125123668
96344058
83416001
125123668
103950058
83416001
125123668
157460391
83416001
125123668
149982939
83416001
125123668
109708006
83416001
125123668
85094597
83416001
125123668
99593886
83416001
125123668
94026459
83416001
125123668
131135747
83416001
125123668
100283368
83416001
125123668
99733880
83416001
125123668
101774665
83416001
125123668
91994838
83416001
125123668
144030950
83416001
125123668
85439980
83416001
125123668
125924172
83416001
125123668
141889192
83416001
125123668
134976752
83416001
125123668
86087392
83416001
125123668
135749433
83416001
125123668
84056599
83416001
125123668
99751736
83416001
125123668
123929522
83416001
125123668
105587384
83416001
125123668
128939941
83416001
125123668
92485592
83416001
125123668
89751036
83416001
125123668
86292665
83416001
125123668
100161510
83416001
125123668
84145892
83416001
125123668
148935447
83416001
125123668
103919315
83416001
125123668
131298179
83416001
125123668
109752824
83416001
125123668
97352779
83416001
125123668
88561960
83416001
125123668
137121062
83416001
125123668
113399398
83416001
125123668
117634065
83416001
125123668
104994662
83416001
125123668
117831834
83416001
125123668
104683165
83416001
125123668
87988254
83416001
125123668
116283947
83416001
125123668
150198529
83416001
125123668
84845909
83416001
125123668
97303250
83416001
125123668
94143597
83416001
125123668
116128155
83416001
125123668
147815401
83416001
125123668
131045829
83416001
125123668
130719748
83416001
125123668
132196224
83416001
125123668
112605058
83416001
125123668
95040082
83416001
125123668
90823929
83416001
125123668
162153557
83416001
125123668
109477661
83416001
125123668
98966821
83416001
125123668
112853831
83416001
125123668
114091617
83416001
125123668
126246498
83416001
125123668
98705686
83416001
125123668
87031379
83416001
125123668
92278050
83416001
125123668
120783401
83416001
125123668
83672280
83416001
125123668
139532598
83416001
125123668
146921820
83416001
125123668
100105777
83416001
125123668
106934319
83416001
125123668
115402802
83416001
125123668
97057795
83416001
125123668
83637939
83416001
125123668
104538148
83416001
125123668
84993737
83416001
125123668
92076080
83416001
125123668
132661289
83416001
125123668
126991848
83416001
125123668
106703692
83416001
125123668
85090928
83416001
125123668
98488069
83416001
125123668
87138991
83416001
125123668
104169053
83416001
125123668
115197659
83416001
125123668
85641302
83416001
125123668
85269547
83416001
125123668
136324232
83416001
125123668
137161666
83416001
125123668
137697924
83416001
125123668
86213593
83416001
125123668
108788273
83416001
125123668
86740394
83416001
125123668
133528169
83416001
125123668
125844345
83416001
125123668
86582530
83416001
125123668
154827286
83416001
125123668
135554254
83416001
125123668
93321415
83416001
125123668
119100170
83416001
125123668
92214544
83416001
125123668
134950939
83416001
125123668
107288344
83416001
125123668
93105473
83416001
125123668
141185756
83416001
125123668
118778144
83416001
125123668
100133664
83416001
125123668
116685667
83416001
125123668
126783838
83416001
125123668
104455046
83416001
125123668
119293875
83416001
125123668
111599552
83416001
125123668
86418399
83416001
125123668
93716430
83416001
125123668
140832060
83416001
125123668
130772170
83416001
125123668
88240183
83416001
125123668
102651171
83416001
125123668
109355118
83416001
125123668
96579124
83416001
125123668
139403618
83416001
125123668
115831468
83416001
125123668
86196393
83416001
125123668
155266025
83416001
125123668
133083869
83416001
125123668
102837823
83416001
125123668
130857873
83416001
125123668
94792002
83416001
125123668
114445998
83416001
125123668
107767860
83416001
125123668
87170202
83416001
125123668
128194137
83416001
125123668
92398975
83416001
125123668
94605708
83416001
125123668
110735102
83416001
125123668
89591117
83416001
125123668
114993105
83416001
125123668
117077091
83416001
125123668
84021574
83416001
125123668
140619562
83416001
125123668
85779841
83416001
125123668
135965945
83416001
125123668
140262018
83416001
125123668
130780988
83416001
125123668
86633919
83416001
125123668
85272198
83416001
125123668
105825516
83416001
125123668
95289370
83416001
125123668
107947749
83416001
125123668
108354480
83416001
125123668
125896716
83416001
125123668
122697666
83416001
125123668
113294311
83416001
125123668
134034590
83416001
125123668
137635833
83416001
125123668
109130639
83416001
125123668
104810995
83416001
125123668
132083942
83416001
125123668
126307040
83416001
125123668
130098673
83416001
125123668
107680917
83416001
125123668
106799878
83416001
125123668
124507687
83416001
125123668
120988135
83416001
125123668
146961300
83416001
125123668
116865834
83416001
125123668
86038328
83416001
125123668
95003815
83416001
125123668
114117212
83416001
125123668
156482275
83416001
125123668
127583478
83416001
125123668
111447512
83416001
125123668
106457838
83416001
125123668
140013953
83416001
125123668
84310244
83416001
125123668
99699984
83416001
125123668
91956374
83416001
125123668
154387767
83416001
125123668
84277997
83416001
125123668
100090139
83416001
125123668
100812308
83416001
125123668
125947090
83416001
125123668
91582537
83416001
125123668
102444949
83416001
125123668
126255471
83416001
125123668
142352687
83416001
125123668
127915466
83416001
125123668
95464354
83416001
125123668
108860891
83416001
125123668
131849244
83416001
125123668
129028794
83416001
125123668
130842444
83416001
125123668
156694686
83416001
125123668
96283052
83416001
125123668
91223992
83416001
125123668
89970740
83416001
125123668
129629270
83416001
125123668
88914984
83416001
125123668
141505611
83416001
125123668
97288653
83416001
125123668
106679308
83416001
125123668
87221640
83416001
125123668
117929243
83416001
125123668
86914618
83416001
125123668
108193053
83416001
125123668
102377652
83416001
125123668
132483539
83416001
125123668
116434348
83416001
125123668
95951520
83416001
125123668
99198554
83416001
125123668
125642943
83416001
125123668
112331930
83416001
125123668
95636086
83416001
125123668
84852836
83416001
125123668
109162416
83416001
125123668
101996602
83416001
125123668
92330685
83416001
125123668
110630907
83416001
125123668
85920483
83416001
125123668
127124359
83416001
125123668
115275683
83416001
125123668
116359183
83416001
125123668
133815266
83416001
125123668
120413721
83416001
125123668
116803713
83416001
125123668
125212854
83416001
125123668
89522365
83416001
125123668
102423511
83416001
125123668
84840057
83416001
125123668
115953203
83416001
125123668
110024324
83416001
125123668
83733404
83416001
125123668
89674784
83416001
125123668
136763859
83416001
125123668
88738171
83416001
125123668
85814824
83416001
125123668
136500209
83416001
125123668
107368948
83416001
125123668
124005761
83416001
125123668
97875192
83416001
125123668
92749824
83416001
125123668
118593795
83416001
125123668
85618732
83416001
125123668
97216518
83416001
125123668
122820999
83416001
125123668
113554405
83416001
125123668
113955645
83416001
125123668
122842136
83416001
125123668
144224265
83416001
125123668
129725523
83416001
125123668
111716963
83416001
125123668
98976153
83416001
125123668
93302099
83416001
125123668
102469666
83416001
125123668
86833876
83416001
125123668
136660835
83416001
125123668
96393845
83416001
125123668
96450375
83416001
125123668
98342732
83416001
125123668
90595553
83416001
125123668
139562338
83416001
125123668
130888318
83416001
125123668
105363187
83416001
125123668
87461853
83416001
125123668
128910959
83416001
125123668
95046564
83416001
125123668
139752135
83416001
125123668
123874909
83416001
125123668
86369128
83416001
125123668
108015990
83416001
125123668
110652563
83416001
125123668
96426560
83416001
125123668
115047782
83416001
125123668
112657309
83416001
125123668
105249592
83416001
125123668
129276658
83416001
125123668
99552796
83416001
125123668
83667956
83416001
125123668
127798397
83416001
125123668
136375715
83416001
125123668
91002747
83416001
125123668
153366858
83416001
125123668
138604158
83416001
125123668
95581519
83416001
125123668
115330555
83416001
125123668
100401824
83416001
125123668
116804194
83416001
125123668
91248384
83416001
125123668
143627639
83416001
125123668
94138407
83416001
125123668
146560878
83416001
125123668
114414098
83416001
125123668
101767042
83416001
125123668
112062686
83416001
125123668
104411071
83416001
125123668
90009013
83416001
125123668
138481723
83416001
125123668
117292610
83416001
125123668
101807528
83416001
125123668
130079990
83416001
125123668
92611515
83416001
125123668
136630709
83416001
125123668
94073019
83416001
125123668
98838879
83416001
125123668
88157473
83416001
125123668
90631808
83416001
125123668
115491784
83416001
125123668
117406917
83416001
125123668
111438720
83416001
125123668
93872264
83416001
125123668
88204699
83416001
125123668
92107332
83416001
125123668
162328580
83416001
125123668
131836126
83416001
125123668
105581450
83416001
125123668
116480931
83416001
125123668
139192364
83416001
125123668
113945213
83416001
125123668
89189332
83416001
125123668
124452918
83416001
125123668
98215485
83416001
125123668
150949059
83416001
125123668
102327434
83416001
125123668
94416149
83416001
125123668
129415685
83416001
125123668
151424032
83416001
125123668
87001789
83416001
125123668
88717898
83416001
125123668
159904563
83416001
125123668
135832575
83416001
125123668
126923742
83416001
125123668
97741790
83416001
125123668
119215759
83416001
125123668
126454057
83416001
125123668
105742458
83416001
125123668
91904186
83416001
125123668
98037126
83416001
125123668
122955894
83416001
125123668
95274449
83416001
125123668
84374855
83416001
125123668
119841791
83416001
125123668
133593492
83416001
125123668
96773227
83416001
125123668
111367797
83416001
125123668
147647361
83416001
125123668
119307967
83416001
125123668
110696808
83416001
125123668
97994034
83416001
125123668
146923775
83416001
125123668
140649325
83416001
125123668
131326278
83416001
125123668
121490149
83416001
125123668
101077788
83416001
125123668
85913157
83416001
125123668
145391755
83416001
125123668
86839330
83416001
125123668
90471529
83416001
125123668
95151883
83416001
125123668
99607134
83416001
125123668
107017231
83416001
125123668
133904685
83416001
125123668
124091261
83416001
125123668
138889802
83416001
125123668
127355409
83416001
125123668
155036864
83416001
125123668
95851045
83416001
125123668
105205331
83416001
125123668
147446268
83416001
125123668
112093987
83416001
125123668
119445488
83416001
125123668
85223953
83416001
125123668
104731868
83416001
125123668
116728478
83416001
125123668
153025283
83416001
125123668
100433314
83416001
125123668
117857812
83416001
125123668
88700025
83416001
125123668
85862264
83416001
125123668
114316697
83416001
125123668
94146565
83416001
125123668
114562072
83416001
125123668
105271207
83416001
125123668
110188231
83416001
125123668
133103186
83416001
125123668
118924214
83416001
125123668
124623147
83416001
125123668
112188457
83416001
125123668
94565274
83416001
125123668
85778283
83416001
125123668
112516729
83416001
125123668
97924570
83416001
125123668
128604694
83416001
125123668
87071299
83416001
125123668
143805040
83416001
125123668
93935263
83416001
125123668
134349285
83416001
125123668
101804590
83416001
125123668
108907769
83416001
125123668
108566681
83416001
125123668
89006080
83416001
125123668
118348991
83416001
125123668
107537236
83416001
125123668
136029698
83416001
125123668
85654044
83416001
125123668
104632342
83416001
125123668
133622403
83416001
125123668
99646975
83416001
125123668
103996518
83416001
125123668
132013139
83416001
125123668
112398470
83416001
125123668
109762263
83416001
125123668
90443189
83416001
125123668
137345748
83416001
125123668
106054509
83416001
125123668
102919699
83416001
125123668
118766375
83416001
125123668
101383604
83416001
125123668
113152993
83416001
125123668
84967983
83416001
125123668
106668093
83416001
125123668
112747193
83416001
125123668
108619233
83416001
125123668
121035915
83416001
125123668
140531714
83416001
125123668
125605073
83416001
125123668
85969164
83416001
125123668
136089567
83416001
125123668
136450599
83416001
125123668
93643342
83416001
125123668
116532254
83416001
125123668
144303364
83416001
125123668
150479677
83416001
125123668
107376855
83416001
125123668
153615599
83416001
125123668
87673024
83416001
125123668
98774825
83416001
125123668
140019446
83416001
125123668
138833577
83416001
125123668
104193076
83416001
125123668
127112415
83416001
125123668
125487450
83416001
125123668
129607178
83416001
125123668
89157476
83416001
125123668
108071739
83416001
125123668
96443869
83416001
125123668
133477988
83416001
125123668
97156552
83416001
125123668
91774156
83416001
125123668
87212204
83416001
125123668
111578449
83416001
125123668
146145431
83416001
125123668
90879921
83416001
125123668
88007906
83416001
125123668
96720942
83416001
125123668
136159622
83416001
125123668
94207742
83416001
125123668
88787802
83416001
125123668
128534645
83416001
125123668
87229982
83416001
125123668
114014071
83416001
125123668
83863734
83416001
125123668
87399818
83416001
125123668
118441810
83416001
125123668
91017583
83416001
125123668
124397289
83416001
125123668
87943472
83416001
125123668
99744841
83416001
125123668
85218778
83416001
125123668
118628978
83416001
125123668
84892808
83416001
125123668
123158713
83416001
125123668
120763064
83416001
125123668
122575543
83416001
125123668
103895346
83416001
125123668
89984702
83416001
125123668
107392083
83416001
125123668
106371841
83416001
125123668
143308804
83416001
125123668
94316527
83416001
125123668
125179837
83416001
125123668
140603485
83416001
125123668
145969948
83416001
125123668
84437206
83416001
125123668
95203485
83416001
125123668
106980739
83416001
125123668
92891124
83416001
125123668
85150194
83416001
125123668
111107338
83416001
125123668
90844998
83416001
125123668
164586062
83416001
125123668
89959033
83416001
125123668
105237561
83416001
125123668
104934615
83416001
125123668
112369625
83416001
125123668
85051714
83416001
125123668
141435916
83416001
125123668
126314423
83416001
125123668
98749314
83416001
125123668
93079044
83416001
125123668
94938665
83416001
125123668
102392734
83416001
125123668
94028459
83416001
125123668
128427399
83416001
125123668
85453540
83416001
125123668
93125422
83416001
125123668
87937022
83416001
125123668
91899102
83416001
125123668
101055558
83416001
125123668
120515629
83416001
125123668
146440676
83416001
125123668
147345200
83416001
125123668
83795094
83416001
125123668
112139032
83416001
125123668
115696674
83416001
125123668
134645008
83416001
125123668
92839975
83416001
125123668
98673346
83416001
125123668
100281660
83416001
125123668
84454779
83416001
125123668
92738412
83416001
125123668
88964092
83416001
125123668
90358937
83416001
125123668
119465654
83416001
125123668
91803574
83416001
125123668
153345659
83416001
125123668
111810106
83416001
125123668
131976626
83416001
125123668
131764344
83416001
125123668
109004003
83416001
125123668
119464052
83416001
125123668
100343779
83416001
125123668
104750041
83416001
125123668
107008012
83416001
125123668
113660757
83416001
125123668
83871888
83416001
125123668
88603489
83416001
125123668
105495860
83416001
125123668
86389736
83416001
125123668
106137170
83416001
125123668
110157722
83416001
125123668
101995633
83416001
125123668
130729147
83416001
125123668
88362682
83416001
125123668
141827309
83416001
125123668
145725973
83416001
125123668
87312488
83416001
125123668
84876819
83416001
125123668
108037370
83416001
125123668
114358884
83416001
125123668
107436583
83416001
125123668
136078700
83416001
125123668
116354609
83416001
125123668
129062922
83416001
125123668
84486074
83416001
125123668
96448202
83416001
125123668
89841324
83416001
125123668
85628995
83416001
125123668
88186417
83416001
125123668
88357188
83416001
125123668
85050685
83416001
125123668
96233736
83416001
125123668
134130201
83416001
125123668
156356015
83416001
125123668
102226607
83416001
125123668
95593149
83416001
125123668
148281548
83416001
125123668
85351719
83416001
125123668
84031097
83416001
125123668
105815877
83416001
125123668
91855199
83416001
125123668
106223622
83416001
125123668
119814587
83416001
125123668
118890493
83416001
125123668
113774288
83416001
125123668
101335940
83416001
125123668
117748372
83416001
125123668
107149266
83416001
125123668
97175939
83416001
125123668
102680897
83416001
125123668
105450887
83416001
125123668
114039233
83416001
125123668
128975797
83416001
125123668
108671311
83416001
125123668
104324284
83416001
125123668
96545197
83416001
125123668
117109459
83416001
125123668
102173219
83416001
125123668
107829994
83416001
125123668
157964820
83416001
125123668
111248382
83416001
125123668
119050417
83416001
125123668
156945974
83416001
125123668
157837464
83416001
125123668
112607299
83416001
125123668
106856549
83416001
125123668
102941399
83416001
125123668
96775851
83416001
125123668
84670741
83416001
125123668
88346138
83416001
125123668
145508850
83416001
125123668
105604392
83416001
125123668
89117591
83416001
125123668
90233319
83416001
125123668
101960221
83416001
125123668
148885964
83416001
125123668
131171887
83416001
125123668
136810987
83416001
125123668
104486608
83416001
125123668
137773128
83416001
125123668
98546072
83416001
125123668
130355530
83416001
125123668
134049827
83416001
125123668
100321316
83416001
125123668
92857912
83416001
125123668
88165914
83416001
125123668
102295032
83416001
125123668
137011297
83416001
125123668
93220627
83416001
125123668
119507484
83416001
125123668
84662718
83416001
125123668
89392775
83416001
125123668
103810049
83416001
125123668
117650627
83416001
125123668
128214980
83416001
125123668
104754947
83416001
125123668
115276740
83416001
125123668
140673302
83416001
125123668
154476012
83416001
125123668
138603612
83416001
125123668
158297285
83416001
125123668
87984245
83416001
125123668
108589394
83416001
125123668
84339901
83416001
125123668
136121372
83416001
125123668
96278909
83416001
125123668
100658281
83416001
125123668
119590071
83416001
125123668
91017534
83416001
125123668
99763244
83416001
125123668
129212573
83416001
125123668
92527697
83416001
125123668
100119693
83416001
125123668
92433734
83416001
125123668
142345039
83416001
125123668
119698050
83416001
125123668
126210614
83416001
125123668
96018034
83416001
125123668
85566870
83416001
125123668
88822087
83416001
125123668
87590953
83416001
125123668
95436679
83416001
125123668
100481188
83416001
125123668
112007339
83416001
125123668
91662701
83416001
125123668
139375212
83416001
125123668
101826959
83416001
125123668
130917050
83416001
125123668
114928450
83416001
125123668
125672819
83416001
125123668
112531790
83416001
125123668
116457402
83416001
125123668
111896367
83416001
125123668
112247966
83416001
125123668
110295068
83416001
125123668
110827975
83416001
125123668
102479407
83416001
125123668
121466995
83416001
125123668
92342499
83416001
125123668
117681396
83416001
125123668
130226650
83416001
125123668
105052781
83416001
125123668
126507522
83416001
125123668
117271699
83416001
125123668
106470859
83416001
125123668
104057400
83416001
125123668
141638526
83416001
125123668
119713489
83416001
125123668
111779042
83416001
125123668
102902327
83416001
125123668
89651320
83416001
125123668
88418055
83416001
125123668
110437300
83416001
125123668
146790971
83416001
125123668
88024218
83416001
125123668
92528167
83416001
125123668
93870593
83416001
125123668
92209380
83416001
125123668
127359299
83416001
125123668
84239129
83416001
125123668
118539066
83416001
125123668
107575364
83416001
125123668
145760033
83416001
125123668
164254388
83416001
125123668
102921697
83416001
125123668
129682467
83416001
125123668
109590579
83416001
125123668
160285097
83416001
125123668
153745829
83416001
125123668
83755748
83416001
125123668
125540326
83416001
125123668
139766993
83416001
125123668
107462648
83416001
125123668
96643613
83416001
125123668
107363088
83416001
125123668
103150282
83416001
125123668
95615802
83416001
125123668
139792770
83416001
125123668
86238036
83416001
125123668
83718947
83416001
125123668
135617735
83416001
125123668
120974015
83416001
125123668
101461839
83416001
125123668
134532303
83416001
125123668
111602948
83416001
125123668
90018288
83416001
125123668
98686032
83416001
125123668
116169451
83416001
125123668
115520498
83416001
125123668
83717577
83416001
125123668
97575296
83416001
125123668
132147897
83416001
125123668
94838438
83416001
125123668
125959918
83416001
125123668
83975476
83416001
125123668
140846556
83416001
125123668
109612726
83416001
125123668
136072577
83416001
125123668
102528724
83416001
125123668
132854886
83416001
125123668
114209094
83416001
125123668
107425715
83416001
125123668
83583668
83416001
125123668
121604400
83416001
125123668
98107684
83416001
125123668
88747043
83416001
125123668
85393464
83416001
125123668
133421793
83416001
125123668
112562741
83416001
125123668
158318639
83416001
125123668
92548830
83416001
125123668
91993138
83416001
125123668
89242034
83416001
125123668
95869000
83416001
125123668
119987395
83416001
125123668
133214033
83416001
125123668
86095263
83416001
125123668
93499678
83416001
125123668
112883475
83416001
125123668
96057435
83416001
125123668
100505418
83416001
125123668
93220031
83416001
125123668
99548310
83416001
125123668
129168132
83416001
125123668
119715366
83416001
125123668
127604210
83416001
125123668
144204174
83416001
125123668
110066385
83416001
125123668
85612972
83416001
125123668
139794471
83416001
125123668
120872709
83416001
125123668
101128616
83416001
125123668
93108043
83416001
125123668
106232898
83416001
125123668
104258589
83416001
125123668
123438625
83416001
125123668
109396746
83416001
125123668
90005507
83416001
125123668
91290206
83416001
125123668
109074629
83416001
125123668
87483993
83416001
125123668
136536727
83416001
125123668
151596070
83416001
125123668
122423340
83416001
125123668
129523333
83416001
125123668
114479464
83416001
125123668
127554873
83416001
125123668
88426912
83416001
125123668
95091029
83416001
125123668
138406040
83416001
125123668
152651853
83416001
125123668
116543487
83416001
125123668
122323299
83416001
125123668
83892400
83416001
125123668
130094309
83416001
125123668
142182511
83416001
125123668
94052484
83416001
125123668
113947081
83416001
125123668
138086142
83416001
125123668
97334301
83416001
125123668
85124502
83416001
125123668
92439999
83416001
125123668
98103922
83416001
125123668
131612750
83416001
125123668
134410538
83416001
125123668
103134922
83416001
125123668
102083980
83416001
125123668
104245699
83416001
125123668
133307644
83416001
125123668
140247240
83416001
125123668
148181390
83416001
125123668
83895820
83416001
125123668
154927112
83416001
125123668
115338418
83416001
125123668
96704850
83416001
125123668
84262648
83416001
125123668
88310854
83416001
125123668
113861333
83416001
125123668
88504513
83416001
125123668
86383309
83416001
125123668
90136564
83416001
125123668
104866995
83416001
125123668
123279044
83416001
125123668
92480391
83416001
125123668
154954700
83416001
125123668
101034998
83416001
125123668
137885128
83416001
125123668
139044554
83416001
125123668
97568142
83416001
125123668
106374052
83416001
125123668
91682256
83416001
125123668
114802632
83416001
125123668
157640227
83416001
125123668
129134463
83416001
125123668
94655234
83416001
125123668
99153875
83416001
125123668
129175563
83416001
125123668
124425898
83416001
125123668
89447266
83416001
125123668
92144663
83416001
125123668
102838830
83416001
125123668
102430249
83416001
125123668
102656924
83416001
125123668
93514290
83416001
125123668
111419518
83416001
125123668
86263998
83416001
125123668
150317939
83416001
125123668
83952023
83416001
125123668
83443450
83416001
125123668
83859124
83416001
125123668
106378511
83416001
125123668
99723844
83416001
125123668
89531207
83416001
125123668
90868619
83416001
125123668
93049622
83416001
125123668
84525937
83416001
125123668
102319535
83416001
125123668
139562889
83416001
125123668
94256263
83416001
125123668
107106874
83416001
125123668
105675599
83416001
125123668
94038350
83416001
125123668
146613980
83416001
125123668
101125275
83416001
125123668
99659002
83416001
125123668
85058402
83416001
125123668
141760323
83416001
125123668
162144211
83416001
125123668
138105653
83416001
125123668
85839651
83416001
125123668
85973035
83416001
125123668
113408944
83416001
125123668
144177303
83416001
125123668
89183054
83416001
125123668
109025754
83416001
125123668
89763024
83416001
125123668
102979550
83416001
125123668
93238695
83416001
125123668
98257185
83416001
125123668
95696079
83416001
125123668
150244895
83416001
125123668
124645260
83416001
125123668
132471737
83416001
125123668
103765418
83416001
125123668
84681171
83416001
125123668
101652070
83416001
125123668
96292410
83416001
125123668
116176755
83416001
125123668
107786903
83416001
125123668
101908512
83416001
125123668
112427450
83416001
125123668
119610775
83416001
125123668
141361569
83416001
125123668
96529475
83416001
125123668
95370194
83416001
125123668
112043691
83416001
125123668
95247613
83416001
125123668
111723666
83416001
125123668
153918914
83416001
125123668
103188187
83416001
125123668
87389155
83416001
125123668
90616865
83416001
125123668
104444590
83416001
125123668
142368351
83416001
125123668
86608115
83416001
125123668
128487853
83416001
125123668
151735279
83416001
125123668
116256321
83416001
125123668
120111634
83416001
125123668
122517609
83416001
125123668
88558361
83416001
125123668
160127336
83416001
125123668
104578000
83416001
125123668
98391930
83416001
125123668
160084508
83416001
125123668
87331099
83416001
125123668
145401731
83416001
125123668
156520995
83416001
125123668
87103843
83416001
125123668
104319386
83416001
125123668
113876523
83416001
125123668
110107101
83416001
125123668
87644848
83416001
125123668
142604540
83416001
125123668
91396948
83416001
125123668
97615977
83416001
125123668
91943407
83416001
125123668
87644479
83416001
125123668
88936498
83416001
125123668
91239478
83416001
125123668
93689606
83416001
125123668
95100366
83416001
125123668
111586683
83416001
125123668
84899453
83416001
125123668
145027449
83416001
125123668
99953518
83416001
125123668
109963087
83416001
125123668
109404399
83416001
125123668
92111731
83416001
125123668
96789216
83416001
125123668
130391828
83416001
125123668
114176571
83416001
125123668
131972007
83416001
125123668
102629377
83416001
125123668
84742993
83416001
125123668
98810715
83416001
125123668
87471803
83416001
125123668
105224177
83416001
125123668
128697919
83416001
125123668
94267642
83416001
125123668
86930427
83416001
125123668
122191208
83416001
125123668
126862158
83416001
125123668
90931878
83416001
125123668
91589241
83416001
125123668
85172355
83416001
125123668
111651118
83416001
125123668
86447251
83416001
125123668
105114699
83416001
125123668
90702995
83416001
125123668
149689968
83416001
125123668
145538153
83416001
125123668
93375572
83416001
125123668
124508566
83416001
125123668
138392855
83416001
125123668
96170010
83416001
125123668
143908441
83416001
125123668
85504650
83416001
125123668
114468421
83416001
125123668
118165452
83416001
125123668
103495253
83416001
125123668
107278793
83416001
125123668
95587810
83416001
125123668
94364017
83416001
125123668
109980357
83416001
125123668
95521867
83416001
125123668
126326693
83416001
125123668
124752799
83416001
125123668
102289430
83416001
125123668
133690219
83416001
125123668
87517573
83416001
125123668
120877276
83416001
125123668
106959958
83416001
125123668
117897950
83416001
125123668
85586610
83416001
125123668
106465690
83416001
125123668
99453879
83416001
125123668
84476553
83416001
125123668
150191822
83416001
125123668
93415095
83416001
125123668
106415518
83416001
125123668
108034314
83416001
125123668
95208065
83416001
125123668
109005024
83416001
125123668
101790056
83416001
125123668
110490053
83416001
125123668
100923760
83416001
125123668
89820257
83416001
125123668
93904113
83416001
125123668
123914069
83416001
125123668
115369422
83416001
125123668
88762415
83416001
125123668
91192733
83416001
125123668
93177831
83416001
125123668
95200065
83416001
125123668
104765362
83416001
125123668
99575527
83416001
125123668
101365757
83416001
125123668
89154519
83416001
125123668
86014267
83416001
125123668
129462431
83416001
125123668
117980704
83416001
125123668
160784214
83416001
125123668
100564585
83416001
125123668
132754295
83416001
125123668
100510070
83416001
125123668
84562197
83416001
125123668
136722644
83416001
125123668
126314912
83416001
125123668
118652715
83416001
125123668
102071853
83416001
125123668
85374258
83416001
125123668
85370097
83416001
125123668
102563874
83416001
125123668
96404130
83416001
125123668
97586306
83416001
125123668
117134596
83416001
125123668
102379366
83416001
125123668
116890617
83416001
125123668
92380930
83416001
125123668
159794791
83416001
125123668
111652878
83416001
125123668
131552273
83416001
125123668
130082406
83416001
125123668
134683888
83416001
125123668
142909777
83416001
125123668
104858377
83416001
125123668
95357963
83416001
125123668
89315740
83416001
125123668
131524051
83416001
125123668
91720629
83416001
125123668
131208943
83416001
125123668
87620554
83416001
125123668
87910266
83416001
125123668
97013355
83416001
125123668
97569386
83416001
125123668
153000311
83416001
125123668
93253400
83416001
125123668
128781741
83416001
125123668
143564714
83416001
125123668
112179047
83416001
125123668
84762739
83416001
125123668
98652212
83416001
125123668
114175706
83416001
125123668
99534896
83416001
125123668
88668093
83416001
125123668
87767049
83416001
125123668
86902427
83416001
125123668
110237415
83416001
125123668
88343986
83416001
125123668
89040181
83416001
125123668
123199210
83416001
125123668
102768615
83416001
125123668
101094252
83416001
125123668
145984603
83416001
125123668
115029037
83416001
125123668
148987374
83416001
125123668
101038867
83416001
125123668
125515590
83416001
125123668
165395002
83416001
125123668
95806857
83416001
125123668
107402404
83416001
125123668
99968889
83416001
125123668
111500219
83416001
125123668
101054362
83416001
125123668
103787289
83416001
125123668
84113846
83416001
125123668
136195815
83416001
125123668
98882330
83416001
125123668
106193129
83416001
125123668
123248744
83416001
125123668
94881018
83416001
125123668
92839114
83416001
125123668
158834752
83416001
125123668
145330803
83416001
125123668
90634860
83416001
125123668
108741232
83416001
125123668
109360110
83416001
125123668
95979044
83416001
125123668
106556928
83416001
125123668
87164578
83416001
125123668
146124358
83416001
125123668
109494879
83416001
125123668
136029788
83416001
125123668
97798890
83416001
125123668
105383613
83416001
125123668
128619399
83416001
125123668
95458155
83416001
125123668
86033680
83416001
125123668
102416307
83416001
125123668
104942659
83416001
125123668
103503945
83416001
125123668
110488664
83416001
125123668
144371733
83416001
125123668
116045345
83416001
125123668
128914251
83416001
125123668
87629566
83416001
125123668
110728312
83416001
125123668
99619033
83416001
125123668
129227784
83416001
125123668
90500077
83416001
125123668
121306398
83416001
125123668
102251393
83416001
125123668
110601232
83416001
125123668
83812219
83416001
125123668
121154803
83416001
125123668
123180799
83416001
125123668
119176877
83416001
125123668
147927179
83416001
125123668
121523144
83416001
125123668
119281710
83416001
125123668
114830368
83416001
125123668
97119787
83416001
125123668
149615296
83416001
125123668
122708100
83416001
125123668
119302539
83416001
125123668
119358060
83416001
125123668
141154599
83416001
125123668
134902438
83416001
125123668
130795510
83416001
125123668
128678697
83416001
125123668
114289409
83416001
125123668
89564754
83416001
125123668
111745240
83416001
125123668
92320254
83416001
125123668
109352997
83416001
125123668
101913061
83416001
125123668
98766325
83416001
125123668
121620718
83416001
125123668
122052807
83416001
125123668
140454157
83416001
125123668
115032497
83416001
125123668
144088380
83416001
125123668
103541974
83416001
125123668
107198512
83416001
125123668
137998825
83416001
125123668
124965072
83416001
125123668
119524067
83416001
125123668
128772058
83416001
125123668
112446361
83416001
125123668
85965539
83416001
125123668
125748729
83416001
125123668
117096667
83416001
125123668
92348199
83416001
125123668
99109510
83416001
125123668
92558967
83416001
125123668
144003287
83416001
125123668
104067556
83416001
125123668
115211667
83416001
125123668
88524474
83416001
125123668
106149316
83416001
125123668
126203057
83416001
125123668
84526362
83416001
125123668
97899740
83416001
125123668
116978428
83416001
125123668
87509001
83416001
125123668
94869607
83416001
125123668
91113980
83416001
125123668
105375953
83416001
125123668
95084309
83416001
125123668
129947813
83416001
125123668
102374570
83416001
125123668
116669602
83416001
125123668
105314594
83416001
125123668
88255273
83416001
125123668
96994891
83416001
125123668
104492288
83416001
125123668
107139846
83416001
125123668
132821468
83416001
125123668
94894153
83416001
125123668
98851497
83416001
125123668
102908384
83416001
125123668
93461055
83416001
125123668
146119345
83416001
125123668
138630560
83416001
125123668
93350496
83416001
125123668
130193204
83416001
125123668
93825356
83416001
125123668
109400886
83416001
125123668
112269990
83416001
125123668
103522994
83416001
125123668
88456622
83416001
125123668
94763628
83416001
125123668
92611712
83416001
125123668
162580626
83416001
125123668
134655302
83416001
125123668
163716730
83416001
125123668
114928453
83416001
125123668
122830551
83416001
125123668
111448898
83416001
125123668
102248313
83416001
125123668
99291236
83416001
125123668
117101527
83416001
125123668
97209944
83416001
125123668
100725263
83416001
125123668
155108610
83416001
125123668
95611294
83416001
125123668
126142420
83416001
125123668
130619358
83416001
125123668
94188726
83416001
125123668
93046806
83416001
125123668
83680164
83416001
125123668
102668153
83416001
125123668
117762249
83416001
125123668
89987496
83416001
125123668
104739043
83416001
125123668
98700907
83416001
125123668
145898317
83416001
125123668
89704397
83416001
125123668
122535814
83416001
125123668
137379511
83416001
125123668
107022372
83416001
125123668
139027625
83416001
125123668
100661675
83416001
125123668
123871530
83416001
125123668
124011312
83416001
125123668
88951544
83416001
125123668
87055728
83416001
125123668
152785199
83416001
125123668
83721269
83416001
125123668
108595667
83416001
125123668
106910307
83416001
125123668
131687331
83416001
125123668
99948037
83416001
125123668
112551353
83416001
125123668
88996538
83416001
125123668
106586749
83416001
125123668
154433437
83416001
125123668
95126289
83416001
125123668
110115579
83416001
125123668
109341889
83416001
125123668
102982891
83416001
125123668
123194097
83416001
125123668
150188201
83416001
125123668
99347075
83416001
125123668
104719993
83416001
125123668
89419752
83416001
125123668
92714006
83416001
125123668
104178676
83416001
125123668
94076539
83416001
125123668
100483584
83416001
125123668
99775227
83416001
125123668
124599540
83416001
125123668
94770604
83416001
125123668
137469960
83416001
125123668
94324738
83416001
125123668
100505762
83416001
125123668
101675562
83416001
125123668
108959243
83416001
125123668
118322661
83416001
125123668
146714189
83416001
125123668
96162270
83416001
125123668
122707721
83416001
125123668
101067764
83416001
125123668
92799633
83416001
125123668
107790457
83416001
125123668
163141154
83416001
125123668
124454386
83416001
125123668
96872340
83416001
125123668
112290980
83416001
125123668
129152454
83416001
125123668
116256670
83416001
125123668
105029734
83416001
125123668
143761930
83416001
125123668
143954970
83416001
125123668
120194222
83416001
125123668
109154443
83416001
125123668
97143468
83416001
125123668
94009296
83416001
125123668
90191487
83416001
125123668
122761589
83416001
125123668
110776243
83416001
125123668
135384160
83416001
125123668
108941078
83416001
125123668
134235354
83416001
125123668
145540747
83416001
125123668
90596083
83416001
125123668
112229100
83416001
125123668
124476885
83416001
125123668
130260950
83416001
125123668
141400590
83416001
125123668
96000311
83416001
125123668
123575834
83416001
125123668
103269477
83416001
125123668
137380298
83416001
125123668
96354303
83416001
125123668
89967838
83416001
125123668
102342689
83416001
125123668
132633588
83416001
125123668
127638342
83416001
125123668
88649106
83416001
125123668
121826947
83416001
125123668
90062402
83416001
125123668
121368008
83416001
125123668
98400136
83416001
125123668
106616155
83416001
125123668
84560678
83416001
125123668
115473359
83416001
125123668
94890541
83416001
125123668
110262140
83416001
125123668
133242029
83416001
125123668
132235587
83416001
125123668
100752574
83416001
125123668
121444301
83416001
125123668
103189934
83416001
125123668
129459537
83416001
125123668
119211133
83416001
125123668
94108953
83416001
125123668
112639358
83416001
125123668
104040608
83416001
125123668
123496572
83416001
125123668
119425533
83416001
125123668
125153543
83416001
125123668
113349924
83416001
125123668
85490946
83416001
125123668
110896440
83416001
125123668
91665964
83416001
125123668
103571765
83416001
125123668
140311235
83416001
125123668
89956423
83416001
125123668
115756747
83416001
125123668
95937034
83416001
125123668
107178604
83416001
125123668
95302888
83416001
125123668
117048787
83416001
125123668
108426836
83416001
125123668
145098442
83416001
125123668
108996563
83416001
125123668
88636837
83416001
125123668
106399986
83416001
125123668
122058604
83416001
125123668
152782228
83416001
125123668
94980513
83416001
125123668
125608808
83416001
125123668
127997788
83416001
125123668
93092633
83416001
125123668
90218995
83416001
125123668
87695047
83416001
125123668
97862368
83416001
125123668
108111512
83416001
125123668
98270303
83416001
125123668
121871682
83416001
125123668
147365444
83416001
125123668
103365700
83416001
125123668
109361873
83416001
125123668
86943873
83416001
125123668
105669167
83416001
125123668
118838017
83416001
125123668
149943058
83416001
125123668
93558734
83416001
125123668
106397562
83416001
125123668
86830857
83416001
125123668
90234527
83416001
125123668
111359480
83416001
125123668
120862809
83416001
125123668
97465286
83416001
125123668
97594691
83416001
125123668
131387143
83416001
125123668
130346717
83416001
125123668
113213657
83416001
125123668
101027418
83416001
125123668
140878474
83416001
125123668
104862258
83416001
125123668
112732275
83416001
125123668
100194045
83416001
125123668
156903493
83416001
125123668
92181462
83416001
125123668
160286575
83416001
125123668
99833501
83416001
125123668
126140415
83416001
125123668
96422160
83416001
125123668
97768023
83416001
125123668
136115647
83416001
125123668
111720857
83416001
125123668
92920090
83416001
125123668
115145901
83416001
125123668
112849172
83416001
125123668
107687542
83416001
125123668
90406982
83416001
125123668
104236039
83416001
125123668
108320406
83416001
125123668
101853119
83416001
125123668
120064875
83416001
125123668
107595639
83416001
125123668
121368937
83416001
125123668
116989246
83416001
125123668
95154057
83416001
125123668
132874455
83416001
125123668
83712617
83416001
125123668
96391979
83416001
125123668
127926217
83416001
125123668
117193092
83416001
125123668
124645766
83416001
125123668
94787257
83416001
125123668
141503064
83416001
125123668
111138078
83416001
125123668
88950153
83416001
125123668
87487148
83416001
125123668
122928357
83416001
125123668
128203780
83416001
125123668
116170999
83416001
125123668
85096362
83416001
125123668
92221393
83416001
125123668
88582713
83416001
125123668
147286524
83416001
125123668
149942273
83416001
125123668
91924553
83416001
125123668
128641978
83416001
125123668
89360938
83416001
125123668
138843598
83416001
125123668
112854227
83416001
125123668
92356162
83416001
125123668
117397854
83416001
125123668
141702023
83416001
125123668
88938673
83416001
125123668
120215761
83416001
125123668
114362240
83416001
125123668
91452160
83416001
125123668
127121450
83416001
125123668
155526443
83416001
125123668
124786852
83416001
125123668
116253491
83416001
125123668
140982290
83416001
125123668
120824082
83416001
125123668
106430475
83416001
125123668
84471753
83416001
125123668
100873337
83416001
125123668
106363577
83416001
125123668
136480193
83416001
125123668
84046095
83416001
125123668
111533216
83416001
125123668
106682093
83416001
125123668
119675702
83416001
125123668
162475898
83416001
125123668
108631223
83416001
125123668
152196849
83416001
125123668
121835487
83416001
125123668
138133517
83416001
125123668
118074559
83416001
125123668
119642277
83416001
125123668
122216220
83416001
125123668
136854007
83416001
125123668
116731738
83416001
125123668
107172224
83416001
125123668
133642919
83416001
125123668
129236846
83416001
125123668
144583530
83416001
125123668
154451351
83416001
125123668
96277879
83416001
125123668
102745986
83416001
125123668
119625706
83416001
125123668
100257431
83416001
125123668
85892601
83416001
125123668
120202424
83416001
125123668
126125002
83416001
125123668
123505588
83416001
125123668
117251384
83416001
125123668
93397683
83416001
125123668
103273159
83416001
125123668
101315167
83416001
125123668
107371971
83416001
125123668
89531440
83416001
125123668
121671303
83416001
125123668
100929836
83416001
125123668
98490341
83416001
125123668
149547016
83416001
125123668
90004764
83416001
125123668
123772447
83416001
125123668
160521452
83416001
125123668
141827107
83416001
125123668
85993452
83416001
125123668
97071540
83416001
125123668
102581704
83416001
125123668
118171493
83416001
125123668
99581737
83416001
125123668
119248558
83416001
125123668
112749999
83416001
125123668
133011971
83416001
125123668
102577888
83416001
125123668
111200778
83416001
125123668
86166254
83416001
125123668
112845637
83416001
125123668
128975625
83416001
125123668
123170539
83416001
125123668
126147988
83416001
125123668
137405554
83416001
125123668
91202597
83416001
125123668
120011141
83416001
125123668
89119184
83416001
125123668
126464581
83416001
125123668
127380674
83416001
125123668
84051596
83416001
125123668
109187266
83416001
125123668
85779121
83416001
125123668
96295455
83416001
125123668
112489944
83416001
125123668
98076506
83416001
125123668
122706425
83416001
125123668
138815162
83416001
125123668
127644983
83416001
125123668
122725362
83416001
125123668
107608695
83416001
125123668
84448806
83416001
125123668
88155258
83416001
125123668
109539620
83416001
125123668
107054707
83416001
125123668
107244951
83416001
125123668
101364088
83416001
125123668
115046340
83416001
125123668
108963410
83416001
125123668
141897281
83416001
125123668
123797330
83416001
125123668
142890807
83416001
125123668
102917249
83416001
125123668
128542181
83416001
125123668
114097303
83416001
125123668
114230383
83416001
125123668
114174894
83416001
125123668
88353233
83416001
125123668
147480170
83416001
125123668
113795306
83416001
125123668
114559258
83416001
125123668
126500116
83416001
125123668
113635378
83416001
125123668
94742276
83416001
125123668
144515374
83416001
125123668
129223488
83416001
125123668
121594560
83416001
125123668
100597337
83416001
125123668
141803613
83416001
125123668
120443507
83416001
125123668
113653076
83416001
125123668
129789718
83416001
125123668
93109122
83416001
125123668
106570024
83416001
125123668
96233446
83416001
125123668
116291613
83416001
125123668
110203324
83416001
125123668
106637520
83416001
125123668
129677710
83416001
125123668
122725061
83416001
125123668
100796902
83416001
125123668
110100444
83416001
125123668
129811895
83416001
125123668
141875892
83416001
125123668
107175277
83416001
125123668
96318385
83416001
125123668
114313434
83416001
125123668
96236444
83416001
125123668
115600277
83416001
125123668
145753886
83416001
125123668
88925631
83416001
125123668
90631532
83416001
125123668
89924850
83416001
125123668
98194671
83416001
125123668
145299403
83416001
125123668
116449861
83416001
125123668
119373425
83416001
125123668
99359073
83416001
125123668
137562305
83416001
125123668
86685992
83416001
125123668
157147080
83416001
125123668
106223606
83416001
125123668
120136767
83416001
125123668
101020600
83416001
125123668
130503590
83416001
125123668
101896972
83416001
125123668
92294787
83416001
125123668
85824532
83416001
125123668
130860710
83416001
125123668
103558145
83416001
125123668
101244379
83416001
125123668
87793485
83416001
125123668
110012921
83416001
125123668
153822338
83416001
125123668
120691512
83416001
125123668
120976097
83416001
125123668
97921241
83416001
125123668
134802714
83416001
125123668
99030024
83416001
125123668
124348150
83416001
125123668
97699657
83416001
125123668
85843042
83416001
125123668
140617300
83416001
125123668
83757398
83416001
125123668
93417454
83416001
125123668
104847629
83416001
125123668
101815046
83416001
125123668
128386458
83416001
125123668
97133948
83416001
125123668
