83416001
125123668
103928475
83416001
125123668
124617647
83416001
125123668
124121629
83416001
125123668
138428953
83416001
125123668
120875145
83416001
125123668
97464590
83416001
125123668
102648429
83416001
125123668
83984784
83416001
125123668
121355991
83416001
125123668
130131834
83416001
125123668
115536864
83416001
125123668
89433900
83416001
125123668
102199974
83416001
125123668
91832267
83416001
125123668
120273990
83416001
125123668
97691038
83416001
125123668
138996503
83416001
125123668
129306102
83416001
125123668
99407436
83416001
125123668
103139859
83416001
125123668
153928591
83416001
125123668
86318265
83416001
125123668
130390346
83416001
125123668
125705643
83416001
125123668
120108378
83416001
125123668
103769595
83416001
125123668
92975548
83416001
125123668
88205009
83416001
125123668
115789485
83416001
125123668
102016352
83416001
125123668
103850108
83416001
125123668
100682537
83416001
125123668
97502332
83416001
125123668
87286519
83416001
125123668
102681929
83416001
125123668
130359718
83416001
125123668
143108026
83416001
125123668
91594250
83416001
125123668
85145978
83416001
125123668
105060054
83416001
125123668
91913365
83416001
125123668
145673743
83416001
125123668
124783358
83416001
125123668
104415299
83416001
125123668
96253498
83416001
125123668
119083390
83416001
125123668
86087722
83416001
125123668
105551880
83416001
125123668
118299554
83416001
125123668
98599772
83416001
125123668
121251843
83416001
125123668
132506013
83416001
125123668
136208675
83416001
125123668
142282094
83416001
125123668
96996760
83416001
125123668
108835644
83416001
125123668
110782299
83416001
125123668
106058959
83416001
125123668
128379016
83416001
125123668
149520667
83416001
125123668
112843587
83416001
125123668
83672178
83416001
125123668
114631960
83416001
125123668
111395426
83416001
125123668
127404280
83416001
125123668
95987455
83416001
125123668
86206825
83416001
125123668
109264880
83416001
125123668
96285062
83416001
125123668
97301226
83416001
125123668
130755232
83416001
125123668
90129071
83416001
125123668
98964428
83416001
125123668
116230733
83416001
125123668
102264134
83416001
125123668
120533823
83416001
125123668
115246949
83416001
125123668
108558370
83416001
125123668
87051475
83416001
125123668
138311741
83416001
125123668
106846414
83416001
125123668
111255364
83416001
125123668
160375248
83416001
125123668
86178138
83416001
125123668
139870004
83416001
125123668
90767906
83416001
125123668
103243044
83416001
125123668
119335373
83416001
125123668
136967883
83416001
125123668
156484537
83416001
125123668
123875530
83416001
125123668
109404351
83416001
125123668
121667924
83416001
125123668
87289619
83416001
125123668
116618556
83416001
125123668
92916875
83416001
125123668
95122362
83416001
125123668
95745202
83416001
125123668
90424021
83416001
125123668
113567453
83416001
125123668
119174940
83416001
125123668
85721383
83416001
125123668
113298222
83416001
125123668
116007876
83416001
125123668
119116095
83416001
125123668
109662093
83416001
125123668
137025024
83416001
125123668
123702472
83416001
125123668
132183091
83416001
125123668
91454663
83416001
125123668
140529170
83416001
125123668
132815510
83416001
125123668
94920734
83416001
125123668
106462330
83416001
125123668
120753509
83416001
125123668
150010376
83416001
125123668
122908826
83416001
125123668
96960068
83416001
125123668
127202721
83416001
125123668
133765570
83416001
125123668
157892340
83416001
125123668
117798918
83416001
125123668
100588199
83416001
125123668
92457899
83416001
125123668
95022439
83416001
125123668
123816003
83416001
125123668
87235743
83416001
125123668
94895134
83416001
125123668
126138470
83416001
125123668
84504919
83416001
125123668
83825395
83416001
125123668
165375566
83416001
125123668
85406480
83416001
125123668
98535981
83416001
125123668
127901441
83416001
125123668
97423442
83416001
125123668
118140325
83416001
125123668
131347852
83416001
125123668
110892636
83416001
125123668
106152104
83416001
125123668
88121363
83416001
125123668
134892480
83416001
125123668
134330060
83416001
125123668
93421764
83416001
125123668
93020027
83416001
125123668
90522228
83416001
125123668
93264461
83416001
125123668
91384985
83416001
125123668
86983096
83416001
125123668
94967612
83416001
125123668
129764983
83416001
125123668
128481929
83416001
125123668
87905689
83416001
125123668
140697870
83416001
125123668
146672174
83416001
125123668
129321166
83416001
125123668
102037249
83416001
125123668
119053180
83416001
125123668
133828927
83416001
125123668
102710674
83416001
125123668
92858784
83416001
125123668
143302875
83416001
125123668
158029779
83416001
125123668
100705279
83416001
125123668
146510662
83416001
125123668
104989592
83416001
125123668
113844874
83416001
125123668
120904824
83416001
125123668
107917142
83416001
125123668
100341982
83416001
125123668
147190452
83416001
125123668
129373161
83416001
125123668
99282568
83416001
125123668
102781897
83416001
125123668
98488398
83416001
125123668
101189294
83416001
125123668
128803869
83416001
125123668
157374933
83416001
125123668
144277959
83416001
125123668
135039090
83416001
125123668
86470687
83416001
125123668
115813371
83416001
125123668
101820866
83416001
125123668
112740396
83416001
125123668
84541606
83416001
125123668
157861704
83416001
125123668
122184078
83416001
125123668
114480503
83416001
125123668
121518600
83416001
125123668
133950073
83416001
125123668
106618902
83416001
125123668
161722528
83416001
125123668
84743662
83416001
125123668
87584523
83416001
125123668
136766585
83416001
125123668
138365276
83416001
125123668
102943325
83416001
125123668
106071959
83416001
125123668
107432544
83416001
125123668
102071499
83416001
125123668
92471255
83416001
125123668
120730167
83416001
125123668
145808232
83416001
125123668
101975877
83416001
125123668
121418419
83416001
125123668
118644291
83416001
125123668
114904135
83416001
125123668
87908246
83416001
125123668
91722811
83416001
125123668
118333427
83416001
125123668
92060442
83416001
125123668
85657650
83416001
125123668
89038996
83416001
125123668
86883022
83416001
125123668
140272324
83416001
125123668
85026869
83416001
125123668
100583101
83416001
125123668
133775254
83416001
125123668
124847207
83416001
125123668
131069796
83416001
125123668
107981300
83416001
125123668
133686000
83416001
125123668
140982319
83416001
125123668
148983135
83416001
125123668
152175467
83416001
125123668
88027736
83416001
125123668
119741081
83416001
125123668
121783679
83416001
125123668
118568188
83416001
125123668
123400184
83416001
125123668
106617048
83416001
125123668
102591910
83416001
125123668
126558319
83416001
125123668
109572830
83416001
125123668
95757004
83416001
125123668
146336708
83416001
125123668
93723902
83416001
125123668
132092154
83416001
125123668
111305870
83416001
125123668
92573771
83416001
125123668
106119167
83416001
125123668
98102514
83416001
125123668
129176979
83416001
125123668
95054662
83416001
125123668
153386949
83416001
125123668
129299266
83416001
125123668
118538275
83416001
125123668
103026869
83416001
125123668
116762030
83416001
125123668
152149813
83416001
125123668
83746765
83416001
125123668
116334246
83416001
125123668
111203951
83416001
125123668
102766586
83416001
125123668
148766369
83416001
125123668
84766317
83416001
125123668
93672103
83416001
125123668
130522065
83416001
125123668
92758832
83416001
125123668
142696358
83416001
125123668
95255720
83416001
125123668
85490091
83416001
125123668
91144697
83416001
125123668
91101472
83416001
125123668
96424697
83416001
125123668
96678464
83416001
125123668
86784567
83416001
125123668
92300246
83416001
125123668
83566237
83416001
125123668
92934159
83416001
125123668
90097369
83416001
125123668
110292009
83416001
125123668
93962386
83416001
125123668
125093677
83416001
125123668
121277321
83416001
125123668
107243147
83416001
125123668
84711628
83416001
125123668
142233444
83416001
125123668
126301908
83416001
125123668
109808347
83416001
125123668
109187496
83416001
125123668
99208000
83416001
125123668
145174240
83416001
125123668
84396440
83416001
125123668
129854477
83416001
125123668
101008629
83416001
125123668
149004031
83416001
125123668
141595267
83416001
125123668
89624390
83416001
125123668
101936708
83416001
125123668
141555541
83416001
125123668
94214541
83416001
125123668
111539844
83416001
125123668
83859555
83416001
125123668
114324301
83416001
125123668
86456913
83416001
125123668
90865857
83416001
125123668
86439053
83416001
125123668
85085643
83416001
125123668
134076933
83416001
125123668
92538598
83416001
125123668
88363144
83416001
125123668
109583792
83416001
125123668
152356906
83416001
125123668
104537819
83416001
125123668
124562719
83416001
125123668
93829445
83416001
125123668
116164142
83416001
125123668
93978487
83416001
125123668
93515724
83416001
125123668
86069473
83416001
125123668
117467419
83416001
125123668
155224416
83416001
125123668
92595730
83416001
125123668
110605699
83416001
125123668
89613218
83416001
125123668
139170833
83416001
125123668
95035540
83416001
125123668
92761243
83416001
125123668
107423882
83416001
125123668
89443455
83416001
125123668
96562308
83416001
125123668
94787512
83416001
125123668
130021761
83416001
125123668
83582589
83416001
125123668
125404347
83416001
125123668
112176396
83416001
125123668
101681025
83416001
125123668
104309974
83416001
125123668
92514318
83416001
125123668
92746099
83416001
125123668
114180923
83416001
125123668
110917511
83416001
125123668
116815812
83416001
125123668
149545471
83416001
125123668
142447055
83416001
125123668
153290950
83416001
125123668
86750469
83416001
125123668
88907853
83416001
125123668
151305513
83416001
125123668
142431229
83416001
125123668
107858310
83416001
125123668
117398377
83416001
125123668
100545972
83416001
125123668
111268540
83416001
125123668
128287808
83416001
125123668
109963550
83416001
125123668
88685073
83416001
125123668
126649455
83416001
125123668
104592091
83416001
125123668
108937785
83416001
125123668
139179936
83416001
125123668
85207705
83416001
125123668
138906124
83416001
125123668
93711410
83416001
125123668
123372052
83416001
125123668
89302241
83416001
125123668
85418575
83416001
125123668
112154662
83416001
125123668
130887493
83416001
125123668
94603259
83416001
125123668
116024103
83416001
125123668
131664489
83416001
125123668
104668929
83416001
125123668
99754683
83416001
125123668
122926269
83416001
125123668
128439239
83416001
125123668
153370723
83416001
125123668
92317987
83416001
125123668
94149411
83416001
125123668
138781364
83416001
125123668
102855301
83416001
125123668
115904165
83416001
125123668
91760188
83416001
125123668
94536812
83416001
125123668
85346949
83416001
125123668
116215623
83416001
125123668
93362441
83416001
125123668
83873711
83416001
125123668
117672994
83416001
125123668
117405950
83416001
125123668
110881158
83416001
125123668
113349220
83416001
125123668
134762943
83416001
125123668
132331138
83416001
125123668
122257541
83416001
125123668
123493245
83416001
125123668
111412850
83416001
125123668
88757545
83416001
125123668
113364974
83416001
125123668
155375760
83416001
125123668
101602329
83416001
125123668
107053756
83416001
125123668
105828711
83416001
125123668
126735424
83416001
125123668
106704409
83416001
125123668
113984213
83416001
125123668
102371290
83416001
125123668
106570520
83416001
125123668
123843972
83416001
125123668
108035055
83416001
125123668
113716927
83416001
125123668
114947003
83416001
125123668
104685624
83416001
125123668
100944329
83416001
125123668
128554580
83416001
125123668
86290279
83416001
125123668
115184460
83416001
125123668
130685485
83416001
125123668
138198775
83416001
125123668
121719702
83416001
125123668
91562498
83416001
125123668
101476849
83416001
125123668
151552357
83416001
125123668
85958894
83416001
125123668
98223033
83416001
125123668
122607267
83416001
125123668
90428287
83416001
125123668
89381124
83416001
125123668
134775730
83416001
125123668
138938909
83416001
125123668
100230118
83416001
125123668
136998345
83416001
125123668
120242186
83416001
125123668
144844804
83416001
125123668
98258755
83416001
125123668
108789844
83416001
125123668
86888183
83416001
125123668
100020473
83416001
125123668
111482437
83416001
125123668
92086406
83416001
125123668
107775889
83416001
125123668
108492924
83416001
125123668
129531222
83416001
125123668
97736535
83416001
125123668
101720995
83416001
125123668
111596134
83416001
125123668
95099263
83416001
125123668
93184318
83416001
125123668
105543910
83416001
125123668
143111757
83416001
125123668
95282694
83416001
125123668
135346499
83416001
125123668
104613257
83416001
125123668
89564900
83416001
125123668
117090177
83416001
125123668
126035914
83416001
125123668
98598197
83416001
125123668
162427115
83416001
125123668
101474169
83416001
125123668
122572379
83416001
125123668
111516109
83416001
125123668
123406624
83416001
125123668
85457030
83416001
125123668
107784369
83416001
125123668
95135449
83416001
125123668
105254577
83416001
125123668
128383064
83416001
125123668
116684768
83416001
125123668
108773851
83416001
125123668
110336733
83416001
125123668
101904715
83416001
125123668
109815429
83416001
125123668
144055344
83416001
125123668
141349122
83416001
125123668
98573710
83416001
125123668
96955508
83416001
125123668
106338950
83416001
125123668
116857926
83416001
125123668
97192823
83416001
125123668
92959548
83416001
125123668
113056399
83416001
125123668
107189032
83416001
125123668
113057640
83416001
125123668
96386299
83416001
125123668
129107834
83416001
125123668
128333626
83416001
125123668
98604701
83416001
125123668
97108688
83416001
125123668
99570014
83416001
125123668
96064387
83416001
125123668
125670252
83416001
125123668
94129718
83416001
125123668
145413549
83416001
125123668
127276344
83416001
125123668
138322690
83416001
125123668
96732821
83416001
125123668
110217372
83416001
125123668
103849870
83416001
125123668
95890811
83416001
125123668
88173269
83416001
125123668
132417052
83416001
125123668
98154918
83416001
125123668
100154125
83416001
125123668
97991306
83416001
125123668
90552253
83416001
125123668
91653478
83416001
125123668
153051375
83416001
125123668
139054693
83416001
125123668
89419465
83416001
125123668
89600946
83416001
125123668
98597554
83416001
125123668
83996819
83416001
125123668
119165153
83416001
125123668
84650957
83416001
125123668
92562224
83416001
125123668
133297300
83416001
125123668
139774331
83416001
125123668
120613044
83416001
125123668
94957845
83416001
125123668
157492250
83416001
125123668
103621682
83416001
125123668
108921527
83416001
125123668
125103162
83416001
125123668
92249377
83416001
125123668
116577230
83416001
125123668
94412321
83416001
125123668
105388498
83416001
125123668
104813442
83416001
125123668
112606239
83416001
125123668
88235491
83416001
125123668
101261850
83416001
125123668
84997287
83416001
125123668
93090374
83416001
125123668
132011534
83416001
125123668
113616470
83416001
125123668
110081027
83416001
125123668
106802622
83416001
125123668
88251021
83416001
125123668
96700297
83416001
125123668
119373685
83416001
125123668
100911599
83416001
125123668
160762629
83416001
125123668
89721943
83416001
125123668
102650974
83416001
125123668
92916303
83416001
125123668
129823836
83416001
125123668
99605254
83416001
125123668
93126854
83416001
125123668
97024650
83416001
125123668
102571624
83416001
125123668
107025989
83416001
125123668
89971669
83416001
125123668
153905196
83416001
125123668
94205926
83416001
125123668
95754534
83416001
125123668
116163268
83416001
125123668
110350629
83416001
125123668
104873723
83416001
125123668
99315526
83416001
125123668
125805327
83416001
125123668
97675706
83416001
125123668
121550926
83416001
125123668
84444891
83416001
125123668
125904894
83416001
125123668
114943945
83416001
125123668
88889175
83416001
125123668
107719388
83416001
125123668
153828503
83416001
125123668
108698518
83416001
125123668
88556006
83416001
125123668
97663313
83416001
125123668
101143534
83416001
125123668
133208304
83416001
125123668
110793291
83416001
125123668
87703216
83416001
125123668
106371513
83416001
125123668
100800854
83416001
125123668
139756734
83416001
125123668
130722123
83416001
125123668
107100279
83416001
125123668
138267210
83416001
125123668
86445752
83416001
125123668
141876419
83416001
125123668
122818845
83416001
125123668
115400760
83416001
125123668
119258678
83416001
125123668
120892758
83416001
125123668
107720033
83416001
125123668
91032770
83416001
125123668
150505117
83416001
125123668
93960282
83416001
125123668
101726281
83416001
125123668
123386668
83416001
125123668
109147650
83416001
125123668
106918189
83416001
125123668
83840201
83416001
125123668
150537934
83416001
125123668
91792962
83416001
125123668
102418461
83416001
125123668
142725978
83416001
125123668
86055101
83416001
125123668
116634319
83416001
125123668
136190840
83416001
125123668
94914632
83416001
125123668
117811936
83416001
125123668
155337904
83416001
125123668
127650783
83416001
125123668
88542963
83416001
125123668
107189357
83416001
125123668
95694100
83416001
125123668
86903585
83416001
125123668
138721846
83416001
125123668
138902825
83416001
125123668
150108019
83416001
125123668
85669567
83416001
125123668
91994489
83416001
125123668
89006685
83416001
125123668
127947448
83416001
125123668
107416469
83416001
125123668
94722703
83416001
125123668
88033214
83416001
125123668
91582920
83416001
125123668
106682193
83416001
125123668
97867757
83416001
125123668
112821203
83416001
125123668
103932888
83416001
125123668
85455714
83416001
125123668
129062831
83416001
125123668
104614897
83416001
125123668
114696127
83416001
125123668
100282824
83416001
125123668
101534427
83416001
125123668
110440573
83416001
125123668
124294250
83416001
125123668
102925069
83416001
125123668
90535303
83416001
125123668
105657821
83416001
125123668
89496899
83416001
125123668
102541837
83416001
125123668
92665613
83416001
125123668
92235231
83416001
125123668
91350255
83416001
125123668
105924603
83416001
125123668
113361563
83416001
125123668
89164879
83416001
125123668
135169659
83416001
125123668
84603394
83416001
125123668
85446484
83416001
125123668
98227846
83416001
125123668
87229937
83416001
125123668
131610187
83416001
125123668
84785605
83416001
125123668
88760145
83416001
125123668
83760008
83416001
125123668
114228535
83416001
125123668
110501321
83416001
125123668
139879239
83416001
125123668
108704980
83416001
125123668
90703712
83416001
125123668
125249610
83416001
125123668
113136676
83416001
125123668
119414692
83416001
125123668
102784149
83416001
125123668
119040512
83416001
125123668
138871208
83416001
125123668
105831004
83416001
125123668
128500296
83416001
125123668
104570651
83416001
125123668
135168053
83416001
125123668
124870971
83416001
125123668
94792502
83416001
125123668
149398496
83416001
125123668
88700450
83416001
125123668
105644432
83416001
125123668
87113563
83416001
125123668
138851942
83416001
125123668
104969905
83416001
125123668
101486696
83416001
125123668
105949070
83416001
125123668
90426188
83416001
125123668
124356796
83416001
125123668
91526416
83416001
125123668
112649719
83416001
125123668
90771869
83416001
125123668
123461825
83416001
125123668
84687714
83416001
125123668
130810339
83416001
125123668
92438933
83416001
125123668
110193316
83416001
125123668
90300350
83416001
125123668
128568962
83416001
125123668
124380853
83416001
125123668
102719829
83416001
125123668
140641113
83416001
125123668
132280989
83416001
125123668
96341420
83416001
125123668
104082721
83416001
125123668
147859963
83416001
125123668
101298022
83416001
125123668
83914904
83416001
125123668
134252328
83416001
125123668
92907035
83416001
125123668
152562980
83416001
125123668
111122994
83416001
125123668
115509213
83416001
125123668
132762287
83416001
125123668
110439627
83416001
125123668
89797691
83416001
125123668
117868374
83416001
125123668
87087682
83416001
125123668
86178041
83416001
125123668
100308374
83416001
125123668
119993080
83416001
125123668
96657457
83416001
125123668
84772769
83416001
125123668
106865203
83416001
125123668
95770363
83416001
125123668
98241678
83416001
125123668
105970069
83416001
125123668
112074563
83416001
125123668
118438484
83416001
125123668
146959805
83416001
125123668
155050819
83416001
125123668
111613505
83416001
125123668
111636081
83416001
125123668
106049332
83416001
125123668
123285623
83416001
125123668
113356210
83416001
125123668
111462350
83416001
125123668
105896514
83416001
125123668
98587355
83416001
125123668
93987794
83416001
125123668
93744201
83416001
125123668
114960164
83416001
125123668
130365858
83416001
125123668
147701453
83416001
125123668
126119553
83416001
125123668
96402767
83416001
125123668
89889282
83416001
125123668
106373237
83416001
125123668
98104097
83416001
125123668
141452603
83416001
125123668
103635994
83416001
125123668
129062839
83416001
125123668
84714876
83416001
125123668
121134621
83416001
125123668
89088607
83416001
125123668
95138107
83416001
125123668
92473715
83416001
125123668
93304832
83416001
125123668
100239272
83416001
125123668
91461352
83416001
125123668
106141708
83416001
125123668
134667374
83416001
125123668
92621088
83416001
125123668
90494930
83416001
125123668
84859314
83416001
125123668
91995597
83416001
125123668
122367029
83416001
125123668
133725966
83416001
125123668
111800793
83416001
125123668
162996912
83416001
125123668
108685828
83416001
125123668
90905925
83416001
125123668
123904077
83416001
125123668
110141879
83416001
125123668
102634400
83416001
125123668
85392763
83416001
125123668
95148348
83416001
125123668
93169115
83416001
125123668
126283345
83416001
125123668
88129019
83416001
125123668
113624857
83416001
125123668
83639710
83416001
125123668
105227804
83416001
125123668
85112743
83416001
125123668
99088408
83416001
125123668
120391627
83416001
125123668
113008958
83416001
125123668
125733510
83416001
125123668
145605511
83416001
125123668
107039596
83416001
125123668
126970370
83416001
125123668
151751638
83416001
125123668
113588565
83416001
125123668
111042827
83416001
125123668
113263502
83416001
125123668
144970424
83416001
125123668
113378463
83416001
125123668
132205952
83416001
125123668
87401981
83416001
125123668
109329812
83416001
125123668
106070034
83416001
125123668
139343735
83416001
125123668
147982690
83416001
125123668
141053019
83416001
125123668
102142800
83416001
125123668
93260076
83416001
125123668
144896688
83416001
125123668
142408961
83416001
125123668
122768995
83416001
125123668
90339177
83416001
125123668
139001218
83416001
125123668
125831142
83416001
125123668
83579279
83416001
125123668
102044284
83416001
125123668
94461707
83416001
125123668
98682201
83416001
125123668
85897453
83416001
125123668
101391172
83416001
125123668
114340452
83416001
125123668
120690790
83416001
125123668
109753378
83416001
125123668
125048319
83416001
125123668
92076249
83416001
125123668
159822538
83416001
125123668
140021556
83416001
125123668
152285515
83416001
125123668
88957663
83416001
125123668
89694449
83416001
125123668
119398806
83416001
125123668
141108366
83416001
125123668
91499310
83416001
125123668
151480049
83416001
125123668
94119700
83416001
125123668
141535807
83416001
125123668
122697328
83416001
125123668
84704721
83416001
125123668
84495555
83416001
125123668
124730947
83416001
125123668
109472330
83416001
125123668
84332033
83416001
125123668
138091259
83416001
125123668
96964567
83416001
125123668
112313081
83416001
125123668
106897004
83416001
125123668
103773607
83416001
125123668
97218526
83416001
125123668
91970532
83416001
125123668
130728202
83416001
125123668
87386765
83416001
125123668
97272372
83416001
125123668
89625950
83416001
125123668
98311280
83416001
125123668
133553346
83416001
125123668
129441972
83416001
125123668
94248273
83416001
125123668
92975623
83416001
125123668
110379058
83416001
125123668
124926824
83416001
125123668
99699636
83416001
125123668
111323203
83416001
125123668
135431553
83416001
125123668
86068746
83416001
125123668
132089254
83416001
125123668
91113061
83416001
125123668
114113000
83416001
125123668
113361076
83416001
125123668
89752929
83416001
125123668
111085453
83416001
125123668
89112144
83416001
125123668
110723371
83416001
125123668
114414644
83416001
125123668
111493884
83416001
125123668
123936916
83416001
125123668
101397966
83416001
125123668
85016831
83416001
125123668
146676875
83416001
125123668
87889389
83416001
125123668
96148863
83416001
125123668
92744009
83416001
125123668
114650236
83416001
125123668
131585344
83416001
125123668
110439136
83416001
125123668
139395775
83416001
125123668
106741561
83416001
125123668
84324242
83416001
125123668
128734054
83416001
125123668
130596410
83416001
125123668
109539254
83416001
125123668
110705207
83416001
125123668
139746678
83416001
125123668
118481937
83416001
125123668
129671659
83416001
125123668
130516074
83416001
125123668
154548683
83416001
125123668
83729490
83416001
125123668
98483209
83416001
125123668
105922428
83416001
125123668
84629192
83416001
125123668
161690285
83416001
125123668
126323499
83416001
125123668
132890958
83416001
125123668
149317328
83416001
125123668
104374837
83416001
125123668
137866148
83416001
125123668
106739879
83416001
125123668
122710864
83416001
125123668
113184274
83416001
125123668
108606629
83416001
125123668
87220599
83416001
125123668
100265859
83416001
125123668
151074535
83416001
125123668
93005550
83416001
125123668
121067413
83416001
125123668
89586020
83416001
125123668
91583589
83416001
125123668
101444782
83416001
125123668
91818801
83416001
125123668
98481927
83416001
125123668
101926801
83416001
125123668
86660462
83416001
125123668
105045487
83416001
125123668
134555036
83416001
125123668
142031434
83416001
125123668
127597422
83416001
125123668
95069472
83416001
125123668
119946522
83416001
125123668
85828763
83416001
125123668
159323899
83416001
125123668
115291974
83416001
125123668
96548626
83416001
125123668
119424999
83416001
125123668
98199429
83416001
125123668
145250803
83416001
125123668
150940793
83416001
125123668
95269941
83416001
125123668
106504670
83416001
125123668
105163291
83416001
125123668
107741490
83416001
125123668
134554933
83416001
125123668
88796806
83416001
125123668
84879699
83416001
125123668
84652959
83416001
125123668
105035366
83416001
125123668
99101414
83416001
125123668
97397916
83416001
125123668
87342318
83416001
125123668
94596227
83416001
125123668
125626193
83416001
125123668
106322028
83416001
125123668
97227149
83416001
125123668
98191967
83416001
125123668
94148798
83416001
125123668
86717764
83416001
125123668
152427114
83416001
125123668
149737646
83416001
125123668
138114870
83416001
125123668
93246207
83416001
125123668
99752280
83416001
125123668
130553916
83416001
125123668
117413976
83416001
125123668
106219907
83416001
125123668
126962830
83416001
125123668
137315190
83416001
125123668
128324787
83416001
125123668
86750938
83416001
125123668
98284047
83416001
125123668
132391048
83416001
125123668
109398873
83416001
125123668
149906727
83416001
125123668
115276512
83416001
125123668
84442833
83416001
125123668
105295234
83416001
125123668
99509038
83416001
125123668
116818475
83416001
125123668
134511934
83416001
125123668
86918392
83416001
125123668
110136299
83416001
125123668
112672461
83416001
125123668
105358298
83416001
125123668
103768181
83416001
125123668
106370038
83416001
125123668
115311303
83416001
125123668
106754139
83416001
125123668
85571040
83416001
125123668
157572732
83416001
125123668
99837079
83416001
125123668
88294802
83416001
125123668
130828717
83416001
125123668
88285896
83416001
125123668
124766681
83416001
125123668
101035097
83416001
125123668
88492045
83416001
125123668
125443735
83416001
125123668
85587127
83416001
125123668
88542053
83416001
125123668
87396843
83416001
125123668
109052326
83416001
125123668
138992247
83416001
125123668
89494052
83416001
125123668
159541474
83416001
125123668
148987205
83416001
125123668
96497160
83416001
125123668
91836270
83416001
125123668
85079259
83416001
125123668
96411621
83416001
125123668
95324766
83416001
125123668
100275007
83416001
125123668
87742403
83416001
125123668
118806439
83416001
125123668
108114289
83416001
125123668
116169294
83416001
125123668
98852335
83416001
125123668
102671776
83416001
125123668
139626893
83416001
125123668
130391872
83416001
125123668
119148142
83416001
125123668
145988472
83416001
125123668
87080401
83416001
125123668
139221308
83416001
125123668
143670014
83416001
125123668
97794406
83416001
125123668
145494600
83416001
125123668
106865942
83416001
125123668
105987415
83416001
125123668
96945932
83416001
125123668
90214078
83416001
125123668
126233073
83416001
125123668
114344124
83416001
125123668
102351827
83416001
125123668
93786520
83416001
125123668
88929357
83416001
125123668
123559138
83416001
125123668
96490176
83416001
125123668
92814789
83416001
125123668
111320079
83416001
125123668
116578284
83416001
125123668
101062700
83416001
125123668
87364624
83416001
125123668
98863093
83416001
125123668
86611755
83416001
125123668
105405403
83416001
125123668
105822709
83416001
125123668
121557524
83416001
125123668
90302820
83416001
125123668
138845879
83416001
125123668
143268893
83416001
125123668
101871286
83416001
125123668
102597401
83416001
125123668
113057613
83416001
125123668
105502579
83416001
125123668
101545891
83416001
125123668
84382505
83416001
125123668
84048765
83416001
125123668
90228156
83416001
125123668
95817403
83416001
125123668
83707437
83416001
125123668
148164562
83416001
125123668
92413446
83416001
125123668
99906797
83416001
125123668
121132758
83416001
125123668
86098523
83416001
125123668
136827144
83416001
125123668
131800932
83416001
125123668
87480151
83416001
125123668
87295437
83416001
125123668
135989945
83416001
125123668
103933284
83416001
125123668
103601594
83416001
125123668
154188933
83416001
125123668
123307697
83416001
125123668
150417280
83416001
125123668
94106253
83416001
125123668
152136390
83416001
125123668
93994821
83416001
125123668
109123308
83416001
125123668
137590145
83416001
125123668
125359073
83416001
125123668
111305666
83416001
125123668
104131601
83416001
125123668
96814238
83416001
125123668
92861666
83416001
125123668
121950551
83416001
125123668
118281701
83416001
125123668
135671857
83416001
125123668
84857425
83416001
125123668
115808284
83416001
125123668
88763061
83416001
125123668
90551488
83416001
125123668
119697632
83416001
125123668
133894105
83416001
125123668
104014314
83416001
125123668
112794577
83416001
125123668
96009503
83416001
125123668
114018204
83416001
125123668
113273845
83416001
125123668
144572024
83416001
125123668
130752782
83416001
125123668
102637754
83416001
125123668
96772218
83416001
125123668
124244169
83416001
125123668
85812694
83416001
125123668
96196629
83416001
125123668
92899941
83416001
125123668
101514947
83416001
125123668
118801607
83416001
125123668
105987048
83416001
125123668
108388009
83416001
125123668
84797787
83416001
125123668
118248455
83416001
125123668
125421783
83416001
125123668
90432608
83416001
125123668
122474203
83416001
125123668
113589600
83416001
125123668
111010310
83416001
125123668
124735208
83416001
125123668
87682918
83416001
125123668
110191889
83416001
125123668
110426927
83416001
125123668
96514314
83416001
125123668
119312103
83416001
125123668
96088757
83416001
125123668
86068834
83416001
125123668
102892006
83416001
125123668
99133327
83416001
125123668
114092074
83416001
125123668
161964635
83416001
125123668
165600722
83416001
125123668
160488217
83416001
125123668
89257575
83416001
125123668
150354625
83416001
125123668
104298701
83416001
125123668
127098143
83416001
125123668
115284847
83416001
125123668
137143314
83416001
125123668
99064260
83416001
125123668
132724960
83416001
125123668
83421539
83416001
125123668
131927354
83416001
125123668
139826198
83416001
125123668
100415217
83416001
125123668
139185167
83416001
125123668
149644745
83416001
125123668
128497436
83416001
125123668
95409457
83416001
125123668
129562135
83416001
125123668
92172914
83416001
125123668
151178440
83416001
125123668
98932715
83416001
125123668
111968525
83416001
125123668
102368849
83416001
125123668
100768407
83416001
125123668
89549129
83416001
125123668
112450436
83416001
125123668
127478958
83416001
125123668
114970477
83416001
125123668
136623619
83416001
125123668
113966753
83416001
125123668
119083089
83416001
125123668
84121578
83416001
125123668
90806781
83416001
125123668
114791345
83416001
125123668
121276043
83416001
125123668
129610225
83416001
125123668
135079040
83416001
125123668
84775692
83416001
125123668
157970189
83416001
125123668
93721999
83416001
125123668
100298899
83416001
125123668
104366175
83416001
125123668
89360290
83416001
125123668
142237326
83416001
125123668
144769620
83416001
125123668
85257193
83416001
125123668
113405804
83416001
125123668
85576142
83416001
125123668
129732569
83416001
125123668
140382297
83416001
125123668
95576301
83416001
125123668
156539604
83416001
125123668
141092755
83416001
125123668
130404503
83416001
125123668
104600829
83416001
125123668
84770005
83416001
125123668
94537051
83416001
125123668
92342627
83416001
125123668
121310104
83416001
125123668
104470411
83416001
125123668
94607453
83416001
125123668
102087458
83416001
125123668
148776013
83416001
125123668
126289174
83416001
125123668
98898138
83416001
125123668
121049236
83416001
125123668
84944599
83416001
125123668
117650556
83416001
125123668
107176601
83416001
125123668
158022614
83416001
125123668
107125027
83416001
125123668
84116324
83416001
125123668
83700779
83416001
125123668
137680181
83416001
125123668
161747158
83416001
125123668
95994965
83416001
125123668
96267926
83416001
125123668
87474635
83416001
125123668
100446442
83416001
125123668
118051869
83416001
125123668
90694791
83416001
125123668
101582676
83416001
125123668
119227190
83416001
125123668
102198627
83416001
125123668
130267092
83416001
125123668
90345803
83416001
125123668
85044133
83416001
125123668
105008639
83416001
125123668
88459092
83416001
125123668
89463057
83416001
125123668
124856672
83416001
125123668
132159994
83416001
125123668
125357524
83416001
125123668
102036797
83416001
125123668
157086643
83416001
125123668
108942445
83416001
125123668
128389515
83416001
125123668
84984265
83416001
125123668
141520431
83416001
125123668
114409504
83416001
125123668
163772617
83416001
125123668
119250859
83416001
125123668
93492432
83416001
125123668
87982895
83416001
125123668
151939782
83416001
125123668
140481658
83416001
125123668
119261395
83416001
125123668
104991552
83416001
125123668
128096178
83416001
125123668
109142948
83416001
125123668
106264816
83416001
125123668
96251196
83416001
125123668
137125527
83416001
125123668
126711149
83416001
125123668
107781770
83416001
125123668
96637771
83416001
125123668
94094133
83416001
125123668
98401210
83416001
125123668
125086567
83416001
125123668
156349380
83416001
125123668
99053641
83416001
125123668
124570529
83416001
125123668
90966142
83416001
125123668
91350109
83416001
125123668
104214299
83416001
125123668
98385819
83416001
125123668
99664334
83416001
125123668
145478069
83416001
125123668
133747277
83416001
125123668
88644132
83416001
125123668
125081507
83416001
125123668
100098384
83416001
125123668
126351607
83416001
125123668
120008318
83416001
125123668
87606052
83416001
125123668
139155667
83416001
125123668
86788788
83416001
125123668
121634520
83416001
125123668
110457727
83416001
125123668
84039228
83416001
125123668
93341702
83416001
125123668
109485412
83416001
125123668
124093891
83416001
125123668
125915133
83416001
125123668
90138628
83416001
125123668
96602286
83416001
125123668
119883229
83416001
125123668
114008846
83416001
125123668
84910123
83416001
125123668
104841598
83416001
125123668
111027068
83416001
125123668
137342923
83416001
125123668
114077164
83416001
125123668
84985167
83416001
125123668
86911320
83416001
125123668
124909835
83416001
125123668
131318876
83416001
125123668
101222072
83416001
125123668
106303870
83416001
125123668
123816494
83416001
125123668
93889753
83416001
125123668
83958572
83416001
125123668
145090587
83416001
125123668
84553870
83416001
125123668
130209261
83416001
125123668
154055222
83416001
125123668
130978581
83416001
125123668
133581603
83416001
125123668
85379020
83416001
125123668
91071773
83416001
125123668
109362375
83416001
125123668
123129692
83416001
125123668
109058980
83416001
125123668
135418900
83416001
125123668
97569670
83416001
125123668
116354304
83416001
125123668
129157652
83416001
125123668
86613902
83416001
125123668
130486195
83416001
125123668
117034135
83416001
125123668
110573846
83416001
125123668
89049380
83416001
125123668
123354159
83416001
125123668
142709733
83416001
125123668
131486179
83416001
125123668
98108944
83416001
125123668
93837311
83416001
125123668
98709176
83416001
125123668
94335922
83416001
125123668
91056057
83416001
125123668
119177114
83416001
125123668
133907980
83416001
125123668
92611843
83416001
125123668
131057673
83416001
125123668
144458694
83416001
125123668
134122714
83416001
125123668
96059389
83416001
125123668
118953725
83416001
125123668
110374556
83416001
125123668
95625990
83416001
125123668
102571713
83416001
125123668
87846320
83416001
125123668
91494118
83416001
125123668
118431507
83416001
125123668
89211349
83416001
125123668
102658060
83416001
125123668
106224511
83416001
125123668
116674283
83416001
125123668
85632004
83416001
125123668
117704578
83416001
125123668
118170818
83416001
125123668
84482972
83416001
125123668
143251400
83416001
125123668
88546760
83416001
125123668
125394561
83416001
125123668
91715198
83416001
125123668
122384065
83416001
125123668
95485455
83416001
125123668
118146293
83416001
125123668
87804610
83416001
125123668
125953880
83416001
125123668
112861332
83416001
125123668
97382950
83416001
125123668
86075723
83416001
125123668
119755535
83416001
125123668
115061827
83416001
125123668
109224211
83416001
125123668
153023418
83416001
125123668
97749785
83416001
125123668
108062734
83416001
125123668
103923608
83416001
125123668
120765602
83416001
125123668
117612768
83416001
125123668
127377262
83416001
125123668
142389924
83416001
125123668
143299460
83416001
125123668
86122068
83416001
125123668
118285323
83416001
125123668
135871728
83416001
125123668
113929934
83416001
125123668
85761155
83416001
125123668
121249310
83416001
125123668
106410609
83416001
125123668
120417779
83416001
125123668
129828165
83416001
125123668
114102949
83416001
125123668
96793072
83416001
125123668
159937350
83416001
125123668
107502738
83416001
125123668
147384579
83416001
125123668
128517595
83416001
125123668
88462018
83416001
125123668
86300891
83416001
125123668
100152113
83416001
125123668
114099180
83416001
125123668
110183495
83416001
125123668
135031682
83416001
125123668
138914699
83416001
125123668
88564002
83416001
125123668
122446411
83416001
125123668
90395144
83416001
125123668
102155065
83416001
125123668
88495208
83416001
125123668
90614714
83416001
125123668
101174504
83416001
125123668
114619965
83416001
125123668
146677920
83416001
125123668
112427035
83416001
125123668
92449283
83416001
125123668
138354271
83416001
125123668
132073278
83416001
125123668
98192170
83416001
125123668
115618071
83416001
125123668
87871649
83416001
125123668
119512453
83416001
125123668
117074102
83416001
125123668
125645557
83416001
125123668
124762005
83416001
125123668
106598036
83416001
125123668
112364883
83416001
125123668
141619989
83416001
125123668
91352667
83416001
125123668
111412840
83416001
125123668
155351442
83416001
125123668
106777518
83416001
125123668
88479340
83416001
125123668
109393752
83416001
125123668
108372600
83416001
125123668
96952926
83416001
125123668
110798176
83416001
125123668
103015274
83416001
125123668
120428443
83416001
125123668
90795719
83416001
125123668
129413290
83416001
125123668
111544557
83416001
125123668
93363690
83416001
125123668
122933529
83416001
125123668
89155659
83416001
125123668
84094164
83416001
125123668
114418701
83416001
125123668
146328769
83416001
125123668
98472258
83416001
125123668
85708924
83416001
125123668
98613557
83416001
125123668
125221221
83416001
125123668
113443168
83416001
125123668
129520142
83416001
125123668
103522328
83416001
125123668
160644277
83416001
125123668
144648051
83416001
125123668
105296213
83416001
125123668
138322400
83416001
125123668
144283278
83416001
125123668
83907958
83416001
125123668
94517390
83416001
125123668
107181700
83416001
125123668
108033159
83416001
125123668
92197573
83416001
125123668
117226187
83416001
125123668
110054459
83416001
125123668
84331234
83416001
125123668
109704090
83416001
125123668
113731367
83416001
125123668
132338134
83416001
125123668
110832561
83416001
125123668
115174395
83416001
125123668
103984173
83416001
125123668
104992652
83416001
125123668
150181666
83416001
125123668
83814797
83416001
125123668
114032885
83416001
125123668
88999845
83416001
125123668
111362136
83416001
125123668
153713958
83416001
125123668
84584317
83416001
125123668
85079131
83416001
125123668
85265997
83416001
125123668
91697960
83416001
125123668
165008390
83416001
125123668
109213654
83416001
125123668
108398938
83416001
125123668
95728713
83416001
125123668
95834505
83416001
125123668
108718520
83416001
125123668
87176175
83416001
125123668
106105352
83416001
125123668
131996888
83416001
125123668
147516499
83416001
125123668
117770745
83416001
125123668
91268700
83416001
125123668
98326287
83416001
125123668
106609469
83416001
125123668
85282114
83416001
125123668
112949726
83416001
125123668
106760161
83416001
125123668
106649183
83416001
125123668
93723432
83416001
125123668
132392965
83416001
125123668
140224061
83416001
125123668
85962406
83416001
125123668
125370183
83416001
125123668
118661304
83416001
125123668
108777870
83416001
125123668
92742225
83416001
125123668
84762878
83416001
125123668
105114171
83416001
125123668
90143031
83416001
125123668
96360334
83416001
125123668
100455969
83416001
125123668
84091695
83416001
125123668
124050533
83416001
125123668
91589886
83416001
125123668
86121844
83416001
125123668
90085695
83416001
125123668
124615329
83416001
125123668
155539329
83416001
125123668
98715044
83416001
125123668
118802950
83416001
125123668
98294272
83416001
125123668
152808853
83416001
125123668
141727447
83416001
125123668
94310349
83416001
125123668
131551248
83416001
125123668
120569167
83416001
125123668
115102774
83416001
125123668
103488125
83416001
125123668
96575225
83416001
125123668
89067387
83416001
125123668
99712830
83416001
125123668
88617848
83416001
125123668
88685233
83416001
125123668
129162800
83416001
125123668
127559545
83416001
125123668
114086427
83416001
125123668
113779124
83416001
125123668
109315530
83416001
125123668
130879108
83416001
125123668
103844852
83416001
125123668
89818428
83416001
125123668
89884037
83416001
125123668
119169935
83416001
125123668
114238392
83416001
125123668
120683157
83416001
125123668
87537027
83416001
125123668
104408905
83416001
125123668
105706487
83416001
125123668
130202980
83416001
125123668
86267786
83416001
125123668
114242310
83416001
125123668
141809298
83416001
125123668
94051309
83416001
125123668
110427783
83416001
125123668
99133033
83416001
125123668
118926916
83416001
125123668
99536111
83416001
125123668
122205816
83416001
125123668
124824431
83416001
125123668
96725302
83416001
125123668
103806649
83416001
125123668
101256801
83416001
125123668
85783649
83416001
125123668
126614998
83416001
125123668
135060176
83416001
125123668
129133168
83416001
125123668
94379297
83416001
125123668
116584063
83416001
125123668
97859855
83416001
125123668
113290142
83416001
125123668
90791879
83416001
125123668
148090835
83416001
125123668
86865327
83416001
125123668
84678052
83416001
125123668
141131884
83416001
125123668
96522563
83416001
125123668
144514084
83416001
125123668
112046173
83416001
125123668
136019233
83416001
125123668
108810627
83416001
125123668
96968324
83416001
125123668
120563918
83416001
125123668
105827524
83416001
125123668
108601453
83416001
125123668
98906536
83416001
125123668
138949144
83416001
125123668
90538474
83416001
125123668
101081012
83416001
125123668
122215580
83416001
125123668
144523799
83416001
125123668
103012664
83416001
125123668
101062138
83416001
125123668
104580116
83416001
125123668
117782181
83416001
125123668
105711849
83416001
125123668
84712158
83416001
125123668
115875289
83416001
125123668
101288101
83416001
125123668
116378248
83416001
125123668
105767322
83416001
125123668
124842005
83416001
125123668
91767200
83416001
125123668
92848052
83416001
125123668
117105648
83416001
125123668
118318281
83416001
125123668
86744205
83416001
125123668
90534264
83416001
125123668
111140888
83416001
125123668
90538950
83416001
125123668
97373660
83416001
125123668
93267703
83416001
125123668
83991865
83416001
125123668
112174088
83416001
125123668
113390622
83416001
125123668
138053717
83416001
125123668
130453014
83416001
125123668
133542056
83416001
125123668
86062640
83416001
125123668
162204858
83416001
125123668
96815396
83416001
125123668
90380210
83416001
125123668
105597627
83416001
125123668
153121902
83416001
125123668
125282059
83416001
125123668
87003194
83416001
125123668
114912478
83416001
125123668
148461317
83416001
125123668
88574067
83416001
125123668
115768372
83416001
125123668
107508251
83416001
125123668
100758998
83416001
125123668
97348874
83416001
125123668
132572341
83416001
125123668
99896036
83416001
125123668
123107240
83416001
125123668
91906441
83416001
125123668
122812573
83416001
125123668
125779144
83416001
125123668
116693019
83416001
125123668
120001969
83416001
125123668
117211273
83416001
125123668
93541457
83416001
125123668
120947665
83416001
125123668
104998851
83416001
125123668
141582005
83416001
125123668
97164481
83416001
125123668
141260221
83416001
125123668
103654923
83416001
125123668
102173451
83416001
125123668
108264603
83416001
125123668
94821266
83416001
125123668
103327877
83416001
125123668
95204609
83416001
125123668
125958657
83416001
125123668
155463651
83416001
125123668
85288097
83416001
125123668
153751822
83416001
125123668
107172440
83416001
125123668
101447365
83416001
125123668
86564272
83416001
125123668
113303951
83416001
125123668
139115798
83416001
125123668
93305755
83416001
125123668
121800923
83416001
125123668
128612662
83416001
125123668
109242315
83416001
125123668
89936946
83416001
125123668
135730447
83416001
125123668
117947347
83416001
125123668
100224595
83416001
125123668
138211458
83416001
125123668
102583273
83416001
125123668
102527912
83416001
125123668
108786009
83416001
125123668
84411364
83416001
125123668
85477178
83416001
125123668
106443362
83416001
125123668
126612291
83416001
125123668
129091322
83416001
125123668
97199063
83416001
125123668
88770681
83416001
125123668
92504313
83416001
125123668
102077644
83416001
125123668
92506235
83416001
125123668
106665440
83416001
125123668
89841053
83416001
125123668
131605287
83416001
125123668
89850307
83416001
125123668
139625998
83416001
125123668
114570294
83416001
125123668
154847506
83416001
125123668
131075971
83416001
125123668
84580517
83416001
125123668
121726290
83416001
125123668
107944292
83416001
125123668
90238137
83416001
125123668
138780539
83416001
125123668
154806662
83416001
125123668
