2306756771
2129218856
1871032040
3375757288
1727231995
671963008
1301659733
1689156929
2883810590
839985641
1113917322
2653413065
930555985
1194152372
1131257894
2099675585
2075101712
2150146450
647526914
1358448779
693591007
2270878002
1981989838
1730514773
3024792474
1616536216
2257381292
2367573721
1460576492
983368084
2066013988
426364199
2471234276
2413377198
2258709995
1900505172
1414416247
3675563281
1515297124
1319752473
837322533
1453926505
745671430
3440396801
1180917051
225043326
1247958062
3197381092
1179054935
2756679917
1630082633
1013096196
1029986445
1313193801
1280062777
1710312193
2626176169
1980210241
2901704161
3191887789
1657974144
242252097
1755158531
1029225329
1209239896
3279622285
1365554199
1599083380
1893729618
2413946080
2766317943
3086057093
1339320418
864291962
1869155716
2081723990
2608249549
2190371781
3389944322
1925945382
3103456610
1871165650
2558857825
3466216462
3334382334
738148193
812577637
3038758576
540104353
635735783
2090673574
1595620991
3410927466
1833949538
3213604419
2497069223
2750173967
891823975
2266231009
472894379
2666949563
3388277737
968595468
1975939109
2907909427
1162019759
2538623825
754086878
2418273671
2228767586
1946119650
1366229524
2803242103
1928698455
1569478283
3236582995
1553491911
1953657590
2369504657
548378127
2054151695
2139931656
2350298180
2352634899
1749866580
792816947
2352499848
452807733
1093607328
1546304186
686072695
519417110
2292131930
1190561874
1017824902
2093794461
2671223896
1853181369
2162455230
2516595667
1542554015
2879234486
1491303331
2375799891
3169938799
1786315686
2620286624
1651913063
2679143231
1569097588
761390238
2060887178
1909122341
1747493027
2132117445
2402637473
2380425512
2101496195
1034339660
1841556315
2022757899
2270031574
774835470
2072667572
2421780132
2470657358
3033623674
2643441261
2332664729
2573213693
1592002438
1056899828
1607705762
1596792232
1583561943
2596494277
1499868923
1894522703
1656834238
2624664242
2066792984
1608418488
2789313293
397417038
2766492880
827033449
2591926090
2065252999
1073319800
2004252420
1403767701
1671543413
388494158
582709307
740460083
1215500518
1527801228
3298267915
1870751167
237651745
1082293617
2461323323
1345865036
2096527459
2378129527
2072484914
1644890161
1093778237
2113936246
1831233133
979228688
2368966948
1963546376
698453883
2909911154
2733378738
2332806963
1705635045
2290426655
898139682
2657673900
3116146150
3335477272
3482883350
2273311787
1412539052
2486183192
2074356448
1144281387
2669687227
1853232814
2054546880
598491872
1800929977
940258179
1773535032
2043652647
683604187
3179210285
2691020305
1587708194
515027305
1443057008
695405198
2017084136
2087780736
3016288493
1992280547
3006435951
2178697083
3899971329
2038719777
2818631195
2020562912
2288366789
3632219832
1483911926
1720173213
2090723372
2358493613
1700796777
824168057
2633528847
2526275673
2470593888
2993159529
2918221099
1402897736
3063982871
2874886687
2734765754
2152256510
2015580258
1357886679
1728148640
2676858835
2639269182
2553163302
1713918702
1873313194
1239233883
2219007889
2957592660
1316237587
2614720088
2070502006
1777028164
1818767226
2511136189
2169602988
2165526396
1065281496
1773355761
3320441011
2269679695
2566632674
3257725651
1143736970
1052523248
2754321534
1932577757
1028355529
1901757162
2339851883
1258182012
3322374701
3722709493
3192760491
911331062
842716601
532707816
1817369347
1672189299
2597761762
2725549604
935183490
2045060394
3560379068
1074541296
1471985293
1708593214
3103750947
798189974
2223916474
2031528024
2010920674
2782948142
2115550381
1905097601
2096466230
1693345195
1914758163
602409913
740413939
3140383082
674281709
395986270
2377456373
772166572
2279420217
3235902369
1153639269
2300027993
3554832392
923085871
2507626978
837192491
2064932264
1505295275
3264345237
1213589378
1192247007
1783648179
1107057164
1570671791
1816127190
2866855567
2242179241
2553862681
2718524838
1174817506
2569712994
2318466394
1590301325
2491975984
2150084693
1193045802
1803229778
2853484451
785005361
1748745556
3042129249
1723207655
1857212093
2789059826
2090448546
2965876225
1227864687
1243688041
2451952541
3035647316
1885289743
1281091590
2174546042
1374799163
2149188196
2202418994
704147566
3609632880
1342745224
2665777182
3169950895
1331981474
503530801
2423490746
2396326333
2295830670
1297379738
708519236
1117663540
3184812565
2999205988
3442970749
3644690970
1448444231
2770147958
2752628441
1756124816
330204465
2377159337
1583167308
1921154938
1906476936
1228040474
1773184565
2416879738
1470511556
1980684363
1122813062
1216142359
3248592677
798864581
2878782834
2064155238
1965240518
3111054921
2234192220
2389614460
3486663580
2443938990
1411549850
1197376220
373457823
3762249667
2041514078
2039496540
1857554925
379875050
1687475699
2692824035
2026843038
2711336988
2620330629
68102463
3058415203
1974430444
2405976028
2504578444
3280653282
2234054377
2814310322
2110602370
2838713884
1942510637
1644109451
3164284911
1914926634
859528748
2493256550
2855599226
2411849034
1227214560
1419789628
1799994342
967861397
1302823814
1988155248
2381476570
2438117490
207290763
2628433160
316456672
2035864805
1985117662
3530062267
3022465576
1987172260
3221645069
1075094498
3480661080
1823311267
3140610153
2748281161
2262580632
415081713
2142445669
2865159249
1693586031
1592269532
1020688081
1954019847
3671239889
1534437727
2600502815
1585451015
2486382502
2419166898
2028176899
3567802343
2249407032
1643475252
305150095
2244756542
1917082835
2819618742
338193919
2017538252
2052566323
1764524805
1564083001
1944244318
195244840
2344606025
614347884
3060122706
3405823128
702407374
1283476184
1722894103
1181791011
2157349758
1930422783
1059600367
1190059602
2900010282
2420197127
2128343695
3197254338
3205869905
2300037332
2818351254
2092536454
2400744546
2045063589
2498578115
1305029047
2544335998
432687905
600744437
2161524228
3568643855
814379761
1266347201
1532900832
2155255580
1844676006
3738400912
1838383203
2542357660
1355500129
1429702915
2226178657
1558714412
2984796528
1225770618
3306936203
1379895862
3801011555
2726643291
1715462975
1850989454
3549196568
3066516902
1807274078
699814973
2333838543
2349543412
1485868517
1228601937
3793958443
2160521527
1944468102
1184890252
192906415
2481306847
2021054864
1373203138
2270422214
860784117
1774820794
1904830878
2003592003
549235486
2142538045
2218786615
2963490742
2710340118
753316198
1124675042
2051632063
1960589534
1446094915
2484094854
3410365775
1227743752
1885524266
2626551478
2521346612
1167521772
1318334746
3626105431
2217802641
2272609129
1984571134
890840139
1335974103
2003531249
882213924
1862032853
1826703156
2199452395
2175837695
1889289634
2206106841
2262573883
2138384935
2013481279
2887829019
684753290
1556831051
3103025566
996301059
2257989907
1094751376
2104818827
1448194684
1681760163
1999600449
1579448413
919887617
1807691190
2184093230
1116120520
2525134947
2230551460
1714419102
2123727341
3083761661
2462378417
1772005340
2420347953
3266108363
2677386847
2569273715
1281516422
3351804588
2810053334
3769454432
895639768
481769176
2408276049
1420371897
982623473
1701428142
1583829748
1981416210
1374560392
1101381686
3086210577
2225586067
2488786263
2480847455
2934466576
2110760987
3315737668
3507452392
2084202638
1984198290
2169323446
567579784
3442207043
1618066866
2855091464
1685681891
1415829096
2995902634
885161683
1192674090
850518447
534875845
1458226811
2164424389
2222357514
2562471658
2917407982
2922168787
3033970722
1257525904
2241866529
707901404
1820051871
1027653238
2921163931
3884475848
1837385542
1513938630
1453349041
3121032356
2725031123
1600614771
1531348158
2041733339
2115400245
611799239
910391425
3054105870
1842654962
1463127749
2984090838
3390601821
3223781737
2774335126
1856342578
3284402503
2727683381
2032284914
2564304313
1299748455
1518501071
1980066758
2023129196
2844678882
2067637746
2133754897
859736788
2265467701
3318323378
1321953209
1003936250
707486912
2567083528
2326080725
1959304229
675521325
2259237271
2495859257
2444094492
1335542737
903276586
1667594204
1061573272
2627657771
2048766444
1085197809
1992191232
1992628283
1916977471
3019203100
504617247
2980280730
1413587904
2009066529
1231988956
914002886
1654213683
2497483985
2492284986
1967952229
811852971
3390244399
1273397938
2078349667
1214965580
483643491
3252662967
1482285621
1398442470
1979559813
2938551726
2105452554
3715194186
2157681930
2418511589
2337474332
1919422076
2967059043
2189575150
1891094272
1422891392
1550684156
2560249443
2920428557
2561488852
1781882924
1921475360
2458024759
1806593429
1811523788
2030435545
990824298
706934366
2726234315
3340059843
1871451074
1635273017
385415159
1133318128
3170407922
1249735194
981195647
1300047238
2361039306
1973958440
2904212859
2591842812
2469974284
1766167486
1124841384
3424982462
1770517747
1931043335
2004829819
1367249805
1929126185
3026433769
1575851437
727650706
2914412086
2733431706
2839866903
2769531879
519950824
967253403
2684370588
937672115
1899300032
1234880858
2759134481
1990141895
2134636730
1032866696
2811403393
3071080256
877925257
2553792355
2102055321
1839419275
1439958118
553449635
1197967927
2343607275
2982613946
1908201315
899378317
538243077
1782046600
2519590294
1923117956
2870720468
2499696053
1589599685
1650687012
3089278733
1941710066
2041628431
2163303278
1019729593
2677565482
1080571593
999584708
2115306520
3144405380
1475147725
1540079376
1436111319
2700273492
3515702023
1761037572
2947743111
1442179013
1960245205
2731872048
880800917
2525978182
2794625824
376413067
1520379566
1204367863
1988660645
866760587
2477996181
1174270051
2406183266
2110421712
2619783143
2718987271
561982753
2038420616
720032141
1930913531
2657156288
2601289315
3472223015
1718821700
2873657509
902325401
1516793421
2212258270
2689511502
2594893680
2133306963
1208384836
929831707
1797485806
2461230002
1544912517
1922686358
1904095487
500942109
2232507558
1034726158
432160169
3779068956
2461033034
1726515009
2876217081
1743110843
2465152934
3051131155
2168892068
2101578387
3165342482
3423484124
1588502545
2282553154
1126049941
233439490
1799889691
2050168732
1242558159
1261394118
2053941162
1952978965
685676823
2531279119
1350810053
2287859956
1159095611
2601748903
949766106
3614337984
3105561093
2239905925
3183392930
3264994647
2973993895
3279837236
2079288050
2087099970
1411268501
1830079545
2286238221
1528318873
2557798299
2574514418
1779184201
1868961186
1391214525
2062528805
3310266853
2126075120
2705534231
3181236279
1944780701
2390822202
703706619
1845045492
1925548180
1660908423
2664294832
393416486
1910045457
493884654
1184032837
1870679720
2778831172
1838556844
3147302783
1116788795
2312400823
1761309978
1345133763
2740149819
1711873174
3292135933
2680507419
1854476475
2906543577
1598443200
1669127217
1447589539
1781435357
2312728365
2412428381
2039058787
260574090
1887361121
1564502978
2311865831
1173426942
1978016031
2379346189
1698966317
2553310262
943917850
3203485042
2516824455
1120380584
3075352876
2948429310
1965151043
3006041054
1950992718
3224127841
1444648166
1701099118
803826573
2310057874
1954521483
871953833
634244382
1465786527
2604139959
2594471189
1144342797
864306671
1203920123
2687523424
1854785658
2142706197
3010266364
2058957753
1836872078
1452965390
2917640812
1084203030
1611416447
1372041689
3075403715
863405817
3046410990
703035615
3324831383
1852412067
3261587939
2254527670
1496661586
325533335
1200491063
1958268917
1351728880
1573084187
1818413202
2092974536
1161517313
495666796
2006669413
1409667586
2027505465
2756897134
2364304731
2431684441
1414412983
1189580358
1810859418
2642665778
767922030
1167153134
2131500512
3186610145
1272153421
3954761775
410124816
2819040991
2435656581
2460280016
2141911347
2437219158
2472241432
2788446765
3354806253
3462197463
1928845791
2591436345
1698904522
2120933033
1659604976
1096733983
3762900264
1798846578
2713450626
2551625581
1790009071
2204246320
2207484452
2612810977
1855554730
1800283884
909574953
1631530073
1546735339
921104751
1809278395
1944640619
2752074980
1277941158
2170321959
1102877204
3043267314
963640777
2654252893
2145420231
2265389937
2029536147
1557098259
794236960
342830856
1675036284
2466166330
2657790834
2435513267
1332443272
2080059252
1511427998
2604024589
1836122690
1695180227
2462858679
1690151536
2847136660
2382529678
2965088067
3133654490
1873039103
2929642359
2700382058
1807260348
2467957228
2940704811
2333060426
1699789816
1125999790
834042095
2934218299
850186104
1991548834
3702445378
3199056798
3085471574
1365878111
2419657813
1107347178
677091831
2332443823
2061567921
407340288
1649118620
2729607362
3243734292
1880944925
466040897
2451543535
2544218279
2434813148
645378577
3162203304
2084855260
1811644531
3313784365
3081331595
1268843541
2724501684
1704803795
1878311787
2748163361
1528692835
2616883894
1749591218
3315785266
1430043855
3866723447
2072240573
1967319575
2606038962
2797990756
1510711007
1937195820
1895451383
2757703774
1938240150
2374707239
812657851
365784545
3230920218
1800795440
3461059978
1822636117
2152441511
2598315271
1854211025
1539452589
1112363362
3086262969
1858579723
2396327980
2398793389
1108567818
1409596256
2870125304
2635449566
3394944869
1877886013
3427819764
3587360991
2609028576
1095703250
1628517236
1453156241
1801376412
2938260694
1165798704
1648835870
1224275608
3315947020
1842421505
1924844540
2945818352
3082303091
2639713562
1678332130
877658100
2311526439
2530428577
912667330
2264349911
1334186908
2955636170
2088808415
1010670357
2470344446
3165938341
2203685891
1725157797
1060827889
1918303573
2299609755
2720014804
520676688
2488391542
2610531049
1873557555
2166709090
1703579699
1109301877
2207537777
2081292050
1802729759
1216094544
2305207576
86490456
2959625035
1911400356
2337649523
1974882300
895918974
2176232839
2222265482
306980160
2161491150
3027402474
360122012
2994753762
2005036251
3347847579
1965692347
268669176
2284198938
2372146800
1093080629
766256386
1363226802
2135270468
722784260
3199035680
1893526209
3775186154
2461779935
1809678210
1234809091
932832877
3249871291
2764886925
1274476450
1419740847
2365829315
2790462901
2148791963
2998713114
444945227
3207968475
311180793
2949208376
1486677832
1666092478
1581944172
2786018860
2355105034
1700003335
1960723468
2157606858
2112954793
344281133
3013631146
1757393198
2860049359
2136276571
1067440906
1351265116
2232424251
1613199392
2471147149
3600058794
1945377207
3278553179
2109512423
1166795315
1839486252
3489427886
1220464942
668304236
1457522639
3738450146
108865819
2200003005
2319245914
3330909443
1040691421
2956751066
1421951693
3236069466
2400298456
3395059346
1319742311
747795169
2970770949
414951822
1511330064
1912615962
2021514501
2985095074
2308366866
1837564561
3543765731
1590289887
2416372216
2727376941
2166224300
1642390001
2410217839
2520535514
1413177408
2588804697
1960112741
2276268359
2923814920
2675176527
511070917
1709790122
1003246987
1351246835
2205117106
3383294175
3439873393
2297754138
2318490251
1814108745
3752378212
1538314346
2223592624
1149725313
1674386267
1574167211
889179131
3661156153
1959626106
1488782291
1979127537
2399581939
2650337528
2268442124
2495218171
917072573
1889291189
1027475456
1265272772
1576151153
1410749605
1167541935
2987905897
1372889772
2183011105
3030368859
1325676507
1718708899
2862225106
2637633333
283353615
956430905
3582282327
1936381080
2140768895
2703901595
3136081133
1772123142
3574279517
2997902522
2328977141
1619443318
1895307813
3278234867
722274459
1102872112
2035068644
3025151929
1647456998
1479375365
2026839130
2274166135
1828594844
689163090
1122055043
2411722159
1103752744
1439904348
2593934818
916241834
2490072145
2781350462
3381661321
560387428
2692043412
2503609880
2373379851
2335664190
1673879329
3827610449
1400913187
3498755328
2059346128
3176524887
3303405088
2244930273
2550408790
1829489958
1774336422
3617828038
2642290344
2067199451
2376181798
1186484600
2053441068
688172070
1722086206
1522240270
2077281949
3238141238
264109542
686077489
1734676541
2381306422
2451734334
3575655391
1545920334
3713176117
2052210114
2735200337
679063362
279500272
3427510340
1550947323
2034949958
2754591653
2489265025
1773084059
2163463377
2966285476
1598410515
2490968477
3659395308
3488848854
3562280911
2368355132
1440828530
1206731030
533397182
1073669423
3518520874
1694263992
825009881
1709771294
2433562299
3027983957
774092870
2691186595
1557043145
2977396892
3211020815
2298869641
3776602018
2120507266
2394866764
2027590122
3356794254
2721781631
1877958738
1616630394
1448540808
2390601237
2623796145
3388580887
2256762549
379008336
1064528075
1190475124
1822817200
2075926708
1107713928
1712676201
2642951658
3388090161
1413622832
1762721628
3484608689
2817889649
2129757078
2388866394
3034866322
3311492726
2425453326
1684507695
3434392461
1788347791
2704438062
2628491943
1914827040
2639626276
1395640081
2300766054
2087352441
1575679767
2072011819
2029241790
1722973940
1847465967
948504809
700421667
1851408307
1024939397
516588213
2566643060
1089456894
2692737509
1838511033
2862904279
3563892032
1872956754
1349502975
2606153361
1820628240
1672338666
1173155907
2000034724
1279836875
2682091061
2687878505
2296622696
1975264066
972616464
686123764
2354184908
3027397915
1772315826
2696493014
2224968082
988750600
2792121325
2915244008
2337591059
1275135349
1006508411
3563463916
3345274374
2452060817
1519142558
2524151334
1564401404
2404190316
1784916375
974376255
1919480298
2198186543
2882082776
2675189038
1387757730
2717011922
994672956
2159782068
2194000573
1541114568
973771114
391501480
2745090235
1693907164
2378245170
2047883847
3283939181
2083346896
2460150991
3837900428
2190027849
1914853607
1441638196
1365102700
1093913999
3100382346
1126784906
2406395916
2297567896
2552287461
167180470
2187323655
3005754272
1861871878
935655976
2616204323
1776380080
1798444409
2438527986
2032455079
3380268501
2528996977
1187797040
3082825819
2659082048
2144545861
1822013215
2197090167
3240043570
482287326
3338941808
3521184464
2682227331
1532878393
2045178815
997433015
1948186481
2629214294
1219976771
2752508963
3013558134
2566895935
2266734806
1737126502
2122704237
472061551
2627615048
865995357
2003134020
1844169492
2905684824
1080291112
2514530292
2851530908
2201569862
3317518440
2976246706
199529895
1996746719
1909916099
2182302358
2384466002
2984797566
1956767712
1815471813
2206467226
1223402869
1298353216
1258081262
1894439260
2894982269
131258785
2364330322
2801189350
3107628935
1544456332
3703319145
1877246679
2102220814
1618257135
2798668583
2014680722
3452375345
3674571640
1969812146
1264292454
3339324554
1907015783
1467369195
1945407294
1439109138
2174668090
2413266230
314378396
2516285970
2090894008
2294085383
2953972731
2652026258
3060688611
1523757911
2358840203
1445755003
2448707330
1404223793
830610880
3411431311
1995252398
2413211333
1468269073
2260523455
1663112600
1945965832
786022396
1362033088
2287284935
2952547841
1808788698
3467344311
1718725169
921793996
2347199787
1657208661
2781674131
3034299276
907035193
2095185513
818959297
2341945033
2078475376
1540472878
1890940022
2288710552
2059056820
291540370
3414976468
2757496519
1913071584
2060531882
2676214591
2772491353
163401676
1781040589
2363828517
1779443184
2110583601
1208637006
2146742697
1665586539
3315852073
1826701537
2148156738
1073163132
3747073875
1091959277
2699692630
1681330359
1158365412
581903066
2173148320
2910594668
2041946745
928157366
1836584120
2130237129
2312621344
253132814
3663521422
2121471839
1301829493
844839749
549823626
1414782942
2360110472
735386153
3213075071
2650730179
1956989066
2781640621
2201009649
3379345229
691701209
317917482
2264374258
2334289644
3169387247
2482788267
2842564438
1448254342
2344069374
1326121471
2668872717
1449450550
2285465055
3035282603
3428717954
2730685575
330420606
47932708
2939328596
2595427682
1367763910
3274894246
2221489727
2784568354
2706461089
1752418851
3721797651
3236040299
2594928354
2069865892
1009173789
2080160383
1355597239
1936927500
2698677987
2670158315
2439774987
2535781490
880839551
3441174632
866342209
2622754747
1172855265
2498127683
1050170810
2633014979
883934863
618783750
1732292844
569690732
1805271498
2036912482
2031783338
2734627841
2292927758
2210008658
1392614143
742404578
2262896133
3464757082
3202588930
1281968529
1931604348
1882375334
1233495116
1561099692
1530235773
1062727823
2015393587
2509364345
1394209017
2635853057
1464358276
3245066369
3280133548
2216230803
1678651813
2220664507
2936921012
905592798
2645455316
1231471006
3084679866
3073294196
2737426110
3519250263
1408195567
2312130111
3133575741
2065947614
2362187692
2345692628
2004406934
2617340141
2688004141
2103036279
1994399021
1456357909
1818477879
2462227984
1630764669
1108147364
569382629
2512843322
2235482574
2014253537
2007199975
945137501
2996093022
1499847912
1007241928
2728022073
912090738
3645085851
552229123
1293913166
2075487125
1119614946
766815421
2246242370
3379832461
937969222
3366543952
1649718046
3790704013
2794816259
3212614333
2203493043
1076510298
3451766141
3068529025
1109950603
1746912970
2877058703
1704962952
1240520346
2353014812
1990903352
2795083426
2884498419
2977379036
2830595084
921870191
1908657503
442542539
1073407644
1051263794
2696127353
3106505111
3243313306
3186406603
1951732443
3029645326
3803070654
1543472263
1044307378
2380220584
1997903169
926831271
679390384
853304563
1704681589
862837634
2200168996
578783278
3494195597
1892609727
2169667910
2007207898
1825971217
2071179356
3213275947
1377064236
1700777589
2212542857
3543044563
1791057094
2691538717
3032911608
3480512279
1157059166
2004549838
1359634548
2241732505
1685709132
2283290446
3198594403
2273679348
1910908606
1499455545
2206050390
1311368191
1409755996
472735205
2121361171
676605262
1785878957
1729287870
2437673607
3448961381
1943322427
1452043416
2887461329
2325717613
496868058
1376290747
1629571966
3746819586
1837056425
559220622
1314246839
1900964936
1917978884
1615762744
1888461684
1393831035
1183054963
1182740659
1625493164
2815400666
1676611933
2558327669
2008583793
1549504336
122008766
1917055639
2643946032
3323937237
3667661692
3233054266
2018649684
3458173412
2672557892
1706290258
2546939042
707155777
1578491418
1828848883
2308951074
2340952864
1515703538
1578165342
2313565596
2351261748
2619865802
547350282
1786292406
1831887054
1181743900
1456570413
2590036980
943273187
760879194
1769021635
2111292221
353617602
2399371770
2916718844
1897579893
2651744515
1161847205
2137529883
3124844848
2389653199
1888411891
1625982319
1656266329
1061303824
1122680480
1812271917
2557360352
2825346742
2440487543
895838782
880271245
2247569953
2504115518
2480797830
2853638886
2032654593
6090738
1887280961
1703090278
979342095
3055070744
3268079720
3297342260
2749357306
1249056040
3592890098
1984220173
2455201953
2846104726
1735711678
2241667866
1077842936
1729163416
1989910796
2960900266
2253909345
2895168985
2739280463
1493381972
1636089894
1174169511
2728518462
2000015230
2296869307
955272981
3240830476
2131172190
2499905262
1049005840
1428208093
1636437387
1238103544
1648918340
1777760317
2456492452
1501541788
3157490019
2692448959
791250072
1602753399
1149058022
2291834173
1810614253
1885876398
2294869751
791017028
369345009
1871020958
2347846570
1365469713
2613029240
1536251576
887769507
1405035553
3082777903
2200377216
2889453045
1652873353
1425901458
1256549269
2766632219
1504691373
2104557084
490523976
1654685275
2824537550
3365707072
1162599420
1429762684
176941568
1219113085
457433816
1314946206
531631001
446709551
1211665897
804036957
1547533774
3628686405
1936509542
2851331431
1268244416
1930294601
910736169
1727463356
2223044805
2823570400
322025177
1380010565
2417491515
2070475369
1970353438
2870924393
3220441914
1623572666
1678577291
3083347891
3248335057
544060358
669193605
2450364943
1564260714
2547723452
316784524
269553831
205215285
2813188842
2700404399
3162903008
899784017
1305745312
2797634605
2568479881
1751985579
3395367238
2060301002
1759849744
1295408465
2346794457
2944472336
1521952916
841205655
1654021490
2696543105
2903501086
3266810411
2234954037
2016545813
2396995702
1407004704
2430163129
3325183784
2904810343
1181333407
1669907435
1557370900
2377835354
3230192073
1572415836
2388479873
874414525
2702906034
1877027322
1832613398
615595310
1126770110
1467876097
1282542272
2893054226
2478822515
1940673675
749686905
2380914724
1005191101
2043984877
1452011889
1835812737
2017617902
2848391919
2124222657
1247026118
2053573995
1420457853
992270746
3438324060
1830684642
2708572325
3305337573
2955503792
1082171395
992541692
1610549859
1213376876
2798942775
2712836145
2536712849
2005958300
2798357063
3482427559
3279450649
2024649136
2239139936
2814466787
2294885175
3786948640
2010132714
3413433478
935823229
847017641
1676059633
1227163331
3035397368
1983103879
295427033
1239809829
1648967399
3251732515
2098448192
1918964963
3248350503
2523119226
3117126820
2984867116
2268327145
1797827367
1919057886
1556216904
1047198838
200967982
1497713864
1304123621
2330301162
3007705638
1988559643
3310751520
1167632846
1792380904
1982639467
838956284
2692329112
2380244208
3249188837
2922442672
960967583
3067486489
3229234285
2402808998
3135886609
1170419112
2454222954
2037392123
1581997482
2169088302
1236066796
1703382050
2629136428
2107766613
1906992238
1133839589
2067176423
3438569236
1303556776
2180383779
1891520591
1726377036
1762766390
2823112343
1465870971
1643868945
2620783361
210464164
1485748560
1916011741
2416287230
2749365038
1662772137
2160303481
3125595511
1075562671
1360577452
1567658151
1767036005
2383796124
2898998543
2174766435
1710021467
3570494306
1378593550
1865157159
635952960
3197565137
3497843756
1989008751
2073829540
2598195982
2386887493
2603132061
1949343226
1318528779
1000402568
943423630
1851113741
2670131179
745630371
2360019895
2594738627
1855516399
2112410242
3002949290
1183093243
1406640769
3531958743
3383861459
2393822702
1360563656
1757843350
1452249333
1982778795
3236560964
2264077805
2149683279
3036742926
1726239717
2401167506
1486837218
431045947
3483520859
2455271354
3518524849
644522693
2613700448
3207750521
2716403696
449543731
3135282944
1256466007
1924331618
2141884903
3328892483
2500127498
922637712
1083496780
3420356309
1881854785
2369829713
1123188445
212494835
2325481629
1407781374
2282086473
925054863
1153029297
2304114871
1290623384
1612776331
1785568873
1832245027
2822208472
1851352505
1730971168
1758183399
1575177843
1893600913
1181487184
2792107541
2751942785
1579904041
2529581480
2844870665
1489797748
892393657
1652944941
1220878463
3006004089
3708027093
1762030053
1905558822
2541532679
2247211936
1913398758
1699816538
750633895
2122646089
1796031375
2468428549
1949099350
2650231844
2080220285
3734341204
3843142930
1097871012
1639644314
1567888853
2874994753
2320106162
1654763325
1914733301
1307423329
3554797600
2663073282
3209541951
1148042108
1300062173
2620511340
3403663423
1531962623
1328708860
718132967
945169895
83993813
1190231105
260920973
900679000
3048556908
1544660390
2735515509
2637999167
960950598
1247331387
2884952682
1787299169
2516544406
2477824007
3005453851
2261307114
2359817523
2028369547
479914152
2600168189
2616273742
861745120
1729642375
1209129625
1900896172
2296686414
1768075415
2095471737
1219166698
1772663281
3489457685
2823359353
3094141532
3176243866
2060018480
2193307968
630882707
2075358303
2239959434
483044156
3630182330
3361784844
2154239053
1726880493
2626665180
2196171757
1077547062
3109175396
2778183938
1579361837
1709157748
936129309
2254044426
1357610839
2988597059
1295994271
1123921436
2134793284
2147554638
2785720238
1522920077
2326915134
1930703848
2095751656
3910632897
1231789310
2066711482
1488638615
2801256499
1763001726
1946937973
2106352732
2902766001
695230703
3675530873
2385784558
3437964640
1280622977
1795669531
3184411799
3059688452
3586395422
2024856387
425912013
2620051139
268147495
3389186923
3045069428
1944071538
1286887776
2699803705
1032824700
2019157743
2765275793
1119932680
1654292700
1116514740
2738114950
1505856739
2234261417
1671133633
3409795053
1691972526
960867887
1151425755
2237034450
2435514345
2349824925
1430687778
3020601655
971776509
2496600861
2153787489
1666378651
1313131754
2994609819
2703506324
3848587774
1296660774
2405207933
2720869171
2106492769
897404512
1620282678
1168337687
2270130185
1313912292
2809525525
2530828517
2110461931
2404331542
2315392199
1716264946
3385831643
2739477647
1850620144
1651666509
1644463286
1714886719
3079983755
1793943645
2798907299
1176364445
879088894
1010775152
3503918445
3619441110
1000452124
3679764371
1156761596
1967513007
836834757
1459917682
2455420907
905455927
1421750943
1820496608
2220008849
1451305132
1561445627
2151803420
2147447928
885742702
2627159213
1757824611
1700204325
2338571928
1282254776
1644637473
3127511941
2111238045
1137533378
2495402764
2371664562
1630565960
1622912229
3781653117
3388077508
979722577
775896659
2064430699
2456224314
2647210134
1499062694
493853714
2516330552
2068478431
722227710
3177847626
2701350046
2614776106
1042209795
2482446039
2903407310
2169970020
1456642942
971512263
2299411242
2288073826
2241876355
1324943477
2635081741
2059916498
1406549184
518561319
1044649428
1859232830
467702269
1118309772
38882574
1867060115
1868542758
3085039307
1191771470
2817081526
2765105075
959412231
1627514172
2283775808
2069148615
3512246144
1734007850
2125953848
2951299474
2479773074
1413409068
2912328970
2972546969
2653802269
2690075902
2060040445
1720524656
2855843580
2770683169
2688677804
1794024208
2018775729
1017486171
1817397561
2215099487
1326831922
2689882922
1116945166
2689045223
2036654065
3070175028
3556118469
1804685875
2037783847
3293447626
491740441
1585188181
2117621527
1259886531
2545580230
1434635591
1911167142
968190845
1703143970
3744373209
1620866835
957657458
3442945687
1415625778
953978360
1683671448
980518277
1234450983
1137760495
2415036164
1257997174
1147614986
2058656388
2198380934
3143614119
1154762180
2518120095
3188014991
1148913130
2442595690
1265495478
893498982
2675497711
1491437761
3006549911
1260942375
1165689345
3640212942
2187928268
3835261891
2706703668
1603615713
2071507319
1421616553
3589965229
1643117228
2675009435
3195620157
2623459154
3063908608
942367386
3248418812
2902768977
2074989442
1689100223
1881792595
1330072392
966353208
2207494951
3055646407
1443683461
1875524244
2254850252
2646237729
3340324258
967068328
1694648439
3145921281
1087788245
1328088018
2745191001
2834775716
889264061
1808459828
2675749689
3793824755
1841992815
1472486938
283471206
1642979341
2773418415
1817386440
2058185305
1496841191
2200531150
2145948267
2623958471
663602965
2280026091
2026187836
2906690571
1880554428
760163280
862849765
1780431766
1921765890
2003973741
453709322
868534349
2547856511
1522988089
2591305747
1933288360
2383995054
2300845508
1578224242
2923446543
2496659551
2277488949
2215073664
1673675783
1555544334
1621976988
1396388019
2947260230
867188758
1708314504
1360817715
2752721218
2039675951
1458866936
1626906939
2547179506
1937905761
2984139695
694624048
3119272348
1394171476
2027463262
1385190135
3497951471
1726075715
867621448
1707267529
2221672265
1986133253
1935046269
2472220236
954741547
3068110789
2026472392
2573121063
3424522099
2858974289
2839132618
2839748263
548356406
676525747
1283918798
3309430043
2207693442
2162537280
1641625222
3311143854
1262523624
2947889198
1642353036
1536754463
3088274908
2085998811
3170007212
498638851
2910971960
501253325
475875317
2896685016
2922160576
2389996825
3251510400
2300752112
2738127528
1033430804
1739987791
2146840536
1118534514
1539360491
2557555133
1934554729
1703317232
1904652333
982722496
1939756189
2060542215
1904232290
3232033298
3144930516
82031496
1721939849
1983094545
2241453234
2595017244
3415531950
2296630390
2878539225
2738581006
3014581783
1621685808
1334791448
1326966639
3810983149
2111460806
2576733459
2279064818
324609536
1728679290
2049703084
2493975154
762977609
133284469
1261617757
1424092290
1424424533
1220217257
1865608648
2158949147
1051819226
3868284654
2502990058
1801099858
3694011875
3001913905
1982043006
2088121957
1805073084
2198852130
3287802531
1010446727
2356149799
1830167577
1930012047
1546860083
3134028422
1514983212
1068292016
2299288746
2035553959
2992400881
3408933498
1904936461
2063933376
1301383197
1185427410
2578174421
3125373415
2084068846
2985746244
2211548776
2031941796
1077272964
3104578117
2107203908
2921017704
743946358
2770087871
1339127569
1170161573
2124156378
2709654269
1556816379
1048880675
2019934807
2624267644
3205873100
2626986946
911718235
1325211168
1297256706
1916782454
2133392434
1197770367
3023292020
2552490954
1817313574
2664756337
1002613688
3676117064
1683639944
1827780569
867543427
1338381614
757004813
3100295750
3266177818
2230911547
1326865584
1434154825
1421929647
3126317508
2331932384
2597191718
601664887
613120599
1332927597
1709287425
3158977951
1579308074
1247602374
1981957631
986963748
2664250698
1548494028
546256484
1845106159
1883953439
159897643
2019385012
3064992197
3365833950
1662686500
3853057277
2567183303
2578083920
2094710868
2440472288
3410074467
746022896
1768004183
2321005123
2820110555
2952185683
2447047234
2954209357
1567936905
2107375473
1173177686
2133211765
3348006812
1933949391
1250889757
2349072494
1592458048
2186433154
2466768904
1253483697
2047292304
2641950605
2987059699
1606196932
866540284
1918667282
920764306
1584673443
2916103308
2133553657
2063897296
924150196
1145401382
1813027908
983865218
1374382201
1395368128
2502417063
1921304032
3162183147
2202819812
401418895
2128582655
1136892755
1264507216
349580239
2158533915
2344027901
2590502292
2459560480
377648904
1289478375
1624516161
1289030302
1495852459
519479837
670589521
1550025111
634404585
1727124942
2700209896
3807807849
1600502583
1326879451
1551636304
146025621
1204895299
2474524342
3623991517
1529977004
1403502583
1050024237
2256556823
3504160893
895130957
2440615687
2423433080
1769039679
1248072680
3249003596
1249704532
2295068117
1994110714
2030539898
980956346
2432448580
1768667195
2029672528
2201773869
934178025
1445349377
2845464192
2613733441
2260945905
2004265640
1478358283
2921506331
2946439525
444453000
712865069
1431860009
2360410396
2999706497
2712193119
3216051393
1524128137
464675211
1634635387
1916058166
2549707058
1280274966
1406501385
3457951643
1361971890
2880658794
1068375504
1726941378
3310436997
1552192049
2141433277
2717777085
1296295651
1517436915
951915902
2702190687
1872758639
2092024311
2563438045
3544060371
2833761783
2211324416
1427898448
774609594
2352180417
1180656547
1368110669
1739836258
3561815986
1450758638
1981546890
3266058922
1033610592
454577396
2075088986
385820036
2279485141
2095562996
1787627229
1500554107
1244451151
2261736920
3035241764
1798530035
1914982967
1103748538
3517122989
1161143609
3066421186
1224716283
2019799500
812387045
3168285375
2753392988
1063215620
1348762722
856189319
2742697104
1515114966
1170018242
3222196796
886375960
446132158
2727902314
2662201469
2680203743
1628816851
2960448510
442920744
2846383960
2072701944
3123916619
2633966862
2122442181
1991084765
1711666147
2369739923
1417215544
2237621693
1897252000
1944540115
2230840348
2718575494
1239229311
1248356359
761173090
2468623455
1654405779
1457980479
3237878089
2775691016
591912391
2720477775
1926103992
844181041
1611946582
588233338
1451797115
1573589484
1135638136
1921996177
1683681044
1303001733
1793909804
3218214956
3250584984
1218109117
2552091606
1443878897
2528472250
2971114914
1678318673
3553493618
1609693444
511673824
3719338437
1068434670
1042314687
268359232
1253424952
705423160
2469798769
2140043604
835697951
2362250796
3223266550
1521312491
3626881493
2823777453
1122167450
2386195116
1781077132
3062450361
1075339628
2736751995
2418854897
3117110433
2947474895
3043532351
339450273
469133996
3156819707
2017096238
2241972214
2850813922
2536124714
1205356041
1993099349
3494195211
1065878982
3492381454
1100408082
1453766714
925761447
2757880849
1825530431
1612692774
2634788861
1559468781
2099521285
1773122313
2131338433
1868665352
3061554399
2124389578
2466280724
3361258457
1516028038
2023801804
1493052760
1694548053
1144019516
2673367694
2127420685
3061861882
1588514833
2191767239
1478627749
3247693938
1082504866
2148770005
1853609065
815466896
2100862970
1508115874
1528974883
2458471913
2475703518
1282122750
1838079547
2416305963
1756626973
1870574539
1644561892
2282238553
2722540155
3064683020
1832490872
860996936
524673388
293001638
1941937877
1897649417
2004835939
3012853998
1991749202
2224788878
2412896196
1666826968
1894777164
2448133713
1280339200
2122603526
2105897482
848515189
3033869260
1212395779
3141574228
2241002820
561035725
1870467966
1187498915
2355324303
625848095
1939141599
3386591118
2318928366
1364276342
2895449879
2016331330
2640578354
751755282
2246695387
2206897814
1583859708
670224832
2043640272
670824280
761830043
1752494889
2518621653
1979131572
945069397
1137872729
1386997137
3259208044
2384844790
1958879107
2213754216
1837503770
341296073
2457063460
488586766
2942759544
835368977
2269660362
3077659583
719241031
1127542437
1932371453
167104502
1408836617
2755746288
3587243555
3771209589
2663786861
1090527849
2523416160
2727547679
2697286959
2767155740
1362222098
2340760963
3029299418
3428497324
1654283890
1462332390
2232376437
1101080303
965707467
2526976031
2832753831
2715113060
2432439638
1828187024
1218140662
985166199
3328277406
1387804202
1140157490
1328736757
513297381
2518833339
1595528469
1225047917
2648695336
1685979019
2202976760
3406815203
2715661039
2098456432
624673720
1144227486
1968270285
2281258645
2070385251
2547841376
617523351
667846760
1520761633
2753624079
1043607414
2733769628
1850195037
2196835572
2962369432
2481088205
1256704246
2000205834
2807651817
2809066240
1406115528
1773439924
3406154111
3844146090
2289031765
3037336047
3054667240
2336757452
2154575743
2981797102
2428577854
1675951219
1448728059
3229975670
2053750435
1383700452
936160618
1102239015
2424159535
2875600137
278038318
2232049787
1415621487
3378477490
3320837842
2068395984
2289001108
2268484863
1520822781
2868425738
1360965369
1525465979
1780762638
2645956887
872053227
1940384013
3201503109
2468980867
2456257210
3404517270
1838282140
1721110693
2449625486
960712927
2565741004
1714183547
2179549400
2437425656
2774749363
3087205911
1970427448
1573279617
1331070770
1794995686
2954124569
910620818
492323268
1316290281
123482561
3703199985
2146927773
1654119315
1711578845
2187054454
3001488287
1075484441
2644533792
1228808158
789090892
2460294712
1911712867
2550883410
2063593626
1810537064
908557111
2346918502
3099106887
2972856183
2963785105
2261609246
1809184919
2975086800
2010922105
1537158636
2259367759
2933502393
3080787564
2152876802
1153429533
2737475674
1178162305
364264732
3565918094
2124433415
1040849779
2662615333
3111783274
1245346960
2538209134
1011897000
1847601430
2328284807
2693827077
2501993115
2410583949
1416969837
2088057869
3148862673
1883989602
1182343004
3032577606
2156835445
1594332875
1381868543
1332728827
1760818140
757819747
2310632352
663680475
2787569721
1056586714
2852471127
2590119580
2936855092
749471050
1537976042
1223565943
1801318886
78055052
668199722
2837617391
3814594299
3429235993
2379260848
2559014036
985277563
1071618510
2114229997
3221023596
3592503246
2066571057
1805023781
2378729719
1704248301
1329979347
1137162853
2268240200
3028409208
1653990506
541667954
1337094954
3559799191
2050396835
2697851370
2583441874
804884301
2252091388
3159464443
1347695756
2750352074
1800972730
3019368866
2381502688
1500673837
2933308494
2463350435
2984079735
1501406839
2779833025
732037522
1919507304
1048211338
1741617383
2830094310
2890501051
2821658211
1843298134
2103869770
2828410085
2094120348
207003829
971307920
1979089139
3070834636
1547300511
2309650404
2290800668
3147850070
2176850258
2109805587
2107846623
2010792050
732453396
3247871196
3310057059
995534081
1595553247
1766451003
1890705305
2551181611
1367611866
3113202019
3631156620
2230845884
2056694842
636893007
2252999770
2770220323
1324340410
1680259615
2116757974
1799846812
3294644355
1794133557
2166106818
2073916265
1906004190
1542209516
3189001117
2067462699
3459744175
3035324283
2143342775
1249243433
1971075176
1419105518
780035708
1160840145
1172502388
1982291884
1518459259
2819865024
1285076706
863018971
259451619
2083274535
2693505239
1376124324
1453049653
2367921900
1960216612
1294550401
2331947316
2334686024
2456199789
2777186900
1778341659
3321746261
1256389060
2898436739
1427606576
3869087355
981597528
3431755501
803903690
2665116668
3103550550
1747061012
2537995839
2719637810
2513691129
864878037
2025577338
2154300605
1519236247
2239087350
664019079
2449127661
3607741282
443630783
1770133884
1631202497
2686862665
2188675959
2414666226
989496392
1861983016
1800766237
2175752447
3385900093
607789332
2371933815
2099851823
2810305767
1982950948
1241351146
2456503012
1037078839
2473922755
2414666835
1864231279
1724257458
703287578
1097662407
830332611
3095183907
1580928560
3075137334
2261435862
1168762642
3145475007
906303606
724714283
2027371477
2289311908
1424707032
2882743899
1098722995
1315736610
2480674177
3189254076
2437294962
2562584469
3543158169
1122189207
3026666309
3048449662
1759258090
190522664
1605729848
1751652100
2710771445
2145098404
952372686
1293227209
2606988649
1554048269
2944278741
2232618649
2254385456
2520084048
2180582015
2070264234
3356525047
3411585714
3250670022
1082478162
2640749019
909698242
1026153248
3208922404
1765523194
2818385428
2191968863
1595580406
1994554737
3518566150
1995354710
3461880303
1482949032
2599379896
1712619232
1829162747
1908123388
1975095514
2788282837
2522265604
2433179717
2587755366
2843403032
3470759094
1210303855
2768490770
2095179004
2753489809
503454743
2685986116
2072046579
1355117342
2194269141
1438265335
2923549592
2407044175
2064001885
321695811
801454955
889157414
767963516
2289485028
2070044070
1984133720
3110260029
2907057127
2951996888
611134652
2873928576
2500233754
1189646379
1507391985
2338301214
2992453770
2154509618
2263124230
2510451056
2442357425
2836762041
2210274855
2623059570
1624443445
665766662
2347854622
2050793019
1089773375
1851172954
3558412395
2277408190
3239488742
3078026061
2867924371
1571195497
1677730434
1864078893
2095690519
2912658455
1478588409
1170212220
2772347303
2115264750
1712758457
2208286130
1044131797
3560329511
1496703312
1615984156
2976609766
3312777019
1842170232
1978669437
1473150161
2581453108
3367383552
1969142816
813009451
2540656384
1678807185
2067767147
1878565726
918825141
2048688296
2106352912
2080701922
1428653365
3580508053
2725942152
2049363740
2250558047
2435588578
2597834631
2459201275
1968813903
1722360996
3762323850
2397928215
468342321
529244924
1760330370
232161666
1306004305
1360233133
2080150300
1143844831
52521972
1867027048
1532666187
3144648811
1783118869
2909624439
3246104689
1255727667
2642467887
1249100174
453650164
842219052
2374904214
2823509671
1821117720
1486511589
2127051117
1796409742
1815204644
1015776662
1962218231
1552813587
3209482094
3212878799
3324909863
3759397297
1194509713
395775520
2693769048
3506093293
3506846235
1961496354
2719081269
3309678339
2353306066
2158043839
2115627635
1038906596
1955050539
1200233983
423562825
856657896
2048555785
2606010085
1909743669
560081157
2216492935
2154851582
1734463040
538188726
1659827653
3402954465
1760127430
2166525755
1890777220
2909316190
693444680
2201947512
2553323847
231095209
2626254243
2363235558
2641985751
1576420689
2534062325
3387499148
1759339310
680841329
2285001346
1369109266
2195704020
2448926216
2330253615
1487077842
1880969710
2216238263
1533518275
2949762467
2540291926
3467977723
998659793
2905481020
2423619086
928133059
2283636308
2897330041
2561380548
2797573067
2531261173
2855325180
1082891514
1366420035
539395907
1284065508
2696763588
1273137809
2547286124
3161353767
1476345605
835131337
3088678313
1530554390
1782131346
2874756715
3452133429
1607346237
2639760987
1527148366
1581347120
2199730413
1820609343
1979544710
1696132002
1562400463
1346288862
593987519
2007215083
2132900417
2598726343
2146637086
2373141606
1204405766
1360864041
3429910153
1416720446
1715868920
922302961
1605881986
2735857258
1748310641
1487819752
2860151718
1904051991
2079721441
2911696173
3150170061
2842057985
1212238029
1508844861
1059550978
1611009994
839555149
2201665475
1721889373
324660880
1094454195
2032690278
1406761998
1866548322
1713933738
2024765254
941090297
2507151170
1254599039
1747941693
1123666902
1875939236
1879190400
2242230204
3835689780
2796560946
610061663
695358724
2106552353
1555687812
1409954524
2587441717
2909507829
2619139718
2285628330
1614579363
2775748552
1791953199
1936285272
1128786274
2210857500
2392272940
1775637737
2164424675
2539092088
1250030167
1750677562
2480260807
3495146828
2362821280
1554168938
2131037603
2657053758
1219789399
2241369998
2252242787
2520115727
2294823030
1656308753
433951707
1468941964
3292432271
543867997
763462863
2099755321
1546804506
2037464235
3812865353
2812021664
2996499810
2886010222
1864836379
1338492093
2858525788
1406740522
1401602994
700031437
1616592844
384870182
3198799846
1980528584
2117130270
2808101164
3794686182
2505171285
2112871737
2283019939
3192814291
846153258
1789593444
307675149
1297652327
2309104006
1027516369
2737211403
2093805672
1168459461
2886374468
2404880900
1832190348
1651594442
2432434008
1945400603
1540631712
3602446937
1453650357
865048174
2115676274
2774938436
2298652654
800229607
1779804568
1815416369
1737344075
1908129021
1434420390
2661531512
1722362202
746747065
1394228772
3637644037
2805302563
1368050445
3001593782
1438461192
961667444
2085096553
2440426468
2758716361
1867741021
1624974705
1831333954
2063806380
1674567045
3095103514
960113705
2682890381
2245218759
3195126295
3580773891
1651152160
1095324367
2164371101
2157407829
2561679376
2740356675
2212988961
2440450201
2383535705
2518547119
1536085245
2044469371
1044436286
1692056406
2491812354
2031461497
2862161857
1369030813
1767109960
2123891524
1312335566
503155716
2766892635
1282866848
2266653395
1015417404
1401150445
2134517916
3132550886
1041733226
3288820596
3028654581
2494368036
2292913254
1895730032
884956092
2511458050
2444146825
1243849063
1254551588
1999453697
3138849094
1393066732
2848333476
2066030027
580595357
1398521807
1061843901
2204557950
2234296841
1914193659
2039647021
2691549825
1301996601
2222667135
1604698779
3838586262
1028295662
1410827062
3069373930
1081185587
3625749731
3165894333
1581396049
2206325029
1629963437
2414848940
2237692094
1350437687
2086956340
795412164
2862348069
1888323298
502786461
3367055283
551700115
1771101043
2458020297
2761744092
1628783946
2163094116
2427677943
1242280195
3199118666
2405428528
689145701
2145208345
1940095250
1774704316
2227063397
3001428034
1998926805
1204356684
2083349624
2009789656
530316441
1711684468
434318181
1989626101
2730996215
2801957217
2482754262
3008100080
1968716902
3648649012
3184707504
1278098467
2306585512
1251857725
1789140147
2624014839
1283096157
1505460278
1173852546
201189066
3279816289
3095859380
1293931380
607983846
1367919329
1852691563
1837837834
2898951766
1735801201
334746354
1414525230
1383754809
2607229151
1871240133
3459885768
935229057
2123421615
1958582267
2794415635
1918639040
2894503865
2567557456
3355684449
755289411
2443530318
1745869224
3028796948
1056087136
1749444754
2218368350
3801903094
1490921064
1802171468
3621895663
2284623204
2153410509
2812579389
1979530405
1430131427
3671907984
1776572740
1994609928
1293237216
1324099444
2725324806
1153757870
3763351384
3640892031
2082993843
853987987
2940108475
661417900
1777971472
3039558072
1814339430
1368441871
2142972573
2286951492
1908834737
1539023486
1732617671
162971961
1892249741
2307485941
2517867045
1416655798
2314743486
3477353267
3230237942
1143911719
1194450734
887511621
994526120
2577199617
1132863860
1627881084
1285270290
1981350966
888676231
2310233838
2069340604
2132527553
3560323701
2878876850
1701070456
3123475752
2769163899
1891609292
1514732023
2670690909
2792372207
2724158806
1478103872
116396537
1465485729
1609625095
509067841
2647865402
1425752771
3215405879
3317861606
1666765800
1945371382
1672436478
3083263643
2956547076
2648078437
2158642194
1532535459
1270796800
1227651934
1474611763
1252291337
1152476374
247929287
1456179789
1119877160
2712424900
1104669441
2926979285
2789339275
2413778743
3161043568
2396305287
2279045567
1629423960
2048983551
1874323862
2780933074
2052369853
3713051640
1833269567
221212097
955624352
2421892674
2808180415
365177030
2230242363
2372259166
2267334947
879419989
2633104814
1292735111
2057844600
1111311612
3188231859
485029476
460640523
2579431604
2964212395
2168486625
1934018989
1169865342
3160792686
2891896026
440587981
141808290
3040182416
2236122573
1583293789
1074131356
1500208762
437113176
1276248502
177670262
2362287534
924149825
1156570917
1460848373
747547677
1849206475
617701959
3006474190
2459104282
2711248393
2049604799
2205614165
2805806941
2262388259
3231033118
2387586533
3762698645
3154543647
2564056269
3150286364
2987200924
1734204296
2418099770
1364137673
2399693265
3647658426
2260828456
2012977701
2485106894
2271028511
1321517360
1335339745
650251089
2178400196
1889211604
2169292588
1751362653
1988733296
2090383188
832165553
2889598236
1506126437
1499582838
504788459
1153650948
3017239029
2517110191
2789711431
1849110485
1226909463
429568765
2127878785
320330662
2682996070
756715281
2721776527
3000478205
2024665835
2748332412
1291602505
3777326048
1195178150
3200889986
2655094525
2524015100
1691106809
2239290633
1280166978
2322417468
2378019768
143337835
2447893640
1750920491
1153896464
3691445174
3447942973
3373920757
2390179696
1947783012
1055872755
489353253
1752965370
2935555708
151595150
1328162633
3081890206
3518020195
1300319229
3110753793
3080262889
1982323611
2962521351
3031580495
2969256900
1454570598
2803821655
2036426937
2429903773
1897903009
1897902233
2228350329
2070358547
2659342807
765649056
2666820471
1584992051
1035074782
3196991454
2731142809
2164060334
589695456
262168216
3100033101
2033695645
1121023104
1553304939
3363294444
1739251397
1118873965
1198011422
1534309371
2456206292
1425559166
2052450579
2213699134
2479680334
2152979180
2311564187
3066110642
1508884135
727997473
1901373300
1589413066
2655217171
1185623076
1028739350
2155991509
2494275760
655732523
1636632879
1837105186
2879917868
1985789047
2632638280
2587275914
409547002
3238831738
3033469984
1168722537
1233787224
565679235
1203350778
2553197849
982971750
2028083271
1865193895
2055411677
869073660
2943949372
1784756025
2624784228
2007076351
1062060801
2950564910
2832729164
580035469
2136714567
3049822404
1821911952
2292961879
1530195341
309044995
1169169601
1643193741
2430845492
2855593253
2770471519
1396378878
2041429351
1526571647
2923068627
1827085912
2718711127
2075705080
2881167260
3300920682
2403951095
2006751643
2000023100
2417867454
2251619829
2862714079
745055292
1923057317
1916041513
2075087091
1388121318
1292988987
1457325810
801469469
1593792270
1688537766
2294749038
1393477722
1800176553
1098006273
1619678829
1965035718
2257021034
2319613981
1595884271
878634864
2019229042
2408783082
3018791806
2146842959
2267195270
2651480930
1039239938
644462052
2108332641
2171145474
1967437029
2206693238
2424687643
1130202691
2617195937
2047307877
1934910257
2878656521
2587983885
1723373098
801847773
2289245886
3200267975
2281954010
2809035932
1769838561
1790200205
2410247654
1478869267
2570602347
2641044815
2411117864
2266114310
1929844492
2394473384
3754937099
806197008
1584157192
2497111428
2065467546
2209214961
1822524296
2331125569
972260061
493721266
1810478125
2138080223
2947029978
2391378355
1799036130
1603774803
661318495
2097548435
2653930786
2410962838
394392181
2113076310
2404788378
2262403136
2675377526
2115038059
3244340396
1792675923
3098114228
179022170
1119139003
2519346521
1624239394
992934934
3049309146
1773310639
1945438350
2503743308
1589576151
1660324052
3048090297
663982125
963932030
3586970354
2304176146
2022644377
1999506586
802130510
3059851434
2999665553
2252739153
2314352076
2952273100
1039336231
2526435821
1462441905
1794383308
2678908642
1905125620
3577572360
1066847618
1785095006
1710818383
1746900808
1972646085
2362153155
2379415736
1692561599
3230024932
1940741043
2128709550
2501008755
2486191201
1031291201
2631185787
2203415012
1934359732
2754872845
2087377995
2127547308
886595976
1291049761
1344247331
815329666
939193079
871976535
2842063723
1474789252
1145318286
2307132703
2763718266
1405786378
2063033716
1181277823
2483409015
1248928634
1022371685
1711382208
2634669122
337917576
2345457371
885653098
1733118013
3231485698
1397447944
1348840787
1707847428
1737308891
2586623982
944495648
1885123342
1618639369
1747480683
2955898095
2681409222
1037737147
1235403909
3634760459
682366615
2703013052
1981963697
1332419829
1964317400
3602396696
3034053648
2737007687
1999542805
1908754254
2274384003
1845100870
1234476940
363625448
2076174880
1189825634
1560380161
327094426
1556721969
3060723523
2244212628
3391570000
3141381406
3181174515
1684213848
645491111
1784720088
1900855766
1840733193
511247665
3030676905
2571597140
980877515
354806437
738139621
1614893318
1583464065
2099841927
2655253300
2632334524
1851225034
785073544
2043608368
2774825559
3483398544
413940463
3622408066
442610530
1808845415
872080148
2609039665
1008462692
452320944
1232931448
1910397558
2038868873
2421936547
2383239390
2112340287
2298069841
2035047823
882165990
1012563870
1402110608
2888152442
2995827519
2660798672
3745254756
2778261942
1742271914
2288760347
3166321373
3410291624
1561580496
1595087455
632075312
2396734116
1390251377
1591529668
697754804
896991674
1876690165
3439753385
1007673245
1841785290
2668316304
2319771580
1141171514
880162197
2992223559
1734561851
1600070522
3169561821
1216248771
2565516668
2796618427
1522344714
1349716636
2160746157
1761801929
931980935
1424570839
2064293110
3129757566
1119303168
1870582992
2623536313
1062366066
2266554615
2431688967
2157820062
2768777252
3198915165
3546885564
2450656119
2703292223
2013960714
2237050852
1720296891
2176021281
1497002644
1325736144
2148807571
2797264710
3002994301
3617860205
1476062125
3058015720
2798758020
1635451207
1377911026
2703593836
2392770521
2005044225
3270299587
1426611725
386780692
2056173844
1530796361
3337520502
3549441134
2735909181
1902361469
2648139517
3774157160
2075618925
651273572
1982387129
2771562996
974255854
3566348090
1723209550
