1419742088
1061791746
1584315759
2553050627
2357367687
2037752831
2229172341
2347402687
1930677072
3011308326
461473511
1766312256
1964428559
1420167461
1171587811
887045228
2097196043
1037535042
2361705545
786678293
2351002233
1872123542
559708961
2724596539
1662698772
2938800879
1796059135
1529667091
2868392172
2356566785
3575118714
1250707470
1819156134
1920823390
1825459268
2034169688
1970909202
2391106082
733470734
3410835402
1523199055
2008806362
3253141419
409113596
2113239956
1833425151
301130146
742259043
1883305366
2211564854
1034345143
3229103988
2738276233
856048759
1545852840
2363851877
3577285322
3667892844
1708586487
1966641784
1118673431
2291015927
2796520596
2449921243
1894460884
3826717130
1733532160
2112342454
1803358717
2240408821
1921308435
3491298090
661878096
2135271194
1272505218
2059207209
3058563797
206940100
3082493531
1843836413
1385819860
3284853589
3311661696
2905947703
1563303135
2227171558
2164839734
961467478
1111283126
1563159916
2650283798
1515117563
1358284941
1766165177
1285010080
1876898084
1446966506
2096034144
2086960397
1744368678
1929083973
1486784730
2009424405
1471826388
1663385356
437364424
3536916064
1860938933
2739043091
1781820333
1689713972
1127625216
3333515197
2362118008
2002959010
2775817551
1872972233
1161165705
3473606750
1603999738
1599898198
1332965522
1947098333
2160025353
2562042121
2377829929
2139592650
1050225870
3191427508
1633190820
3247545360
997125188
1601894566
1717530505
1786276592
1974862764
1865770852
1207215404
2812138184
1338670538
1697640622
3696493590
3047790045
1287250260
1360762329
2001665103
3045667438
1534663504
3693998521
2104280316
1289947138
2628037265
2429078320
1994892299
2076616623
2307898610
1304992812
2554214983
1372003188
2627932293
1815803520
1704181907
1389467958
2552670972
2093376745
1711174010
1346156215
1316054942
3357612403
1585869378
1515462509
3661497656
2788729513
1843741769
1340132998
1228124893
2201527365
1300768861
711680932
2554496891
3545861232
947449596
1129512751
1470994641
1319285200
2994883763
1740231786
1736870426
2013884997
2041691000
2204684388
934729837
1795967077
2262320917
2584169139
2365204184
2404225207
2295255481
3104219791
2440977376
2321474030
2159461091
2942079688
498582039
1038822999
3152262292
1484390255
2686536165
2347176640
1996331407
1633638498
2088815012
991722571
2936031485
3157624976
531309925
1907374358
1854010643
3058092032
906623982
2605777459
3206118072
1485209655
2771044838
2074516721
909541098
677864257
2416434011
1875699967
2366799245
3205133621
2989557111
983387672
1813805603
1331944146
2610803545
3412656495
1510487778
2552922393
1553978343
1562338048
2395366172
2839654368
3194039608
2591135649
2309907830
3555976820
3077349064
1008638085
2423331760
3378117383
3373814298
1735713849
374774199
2565505320
1790193432
2008015807
2250661977
2119137315
1983648941
618948727
2695046119
634981302
2212445699
784384062
1329056610
1337078894
1825951774
2451180985
2910449600
986813768
3432268229
1055810003
3301035961
1694443559
3023011295
2122712581
2308452711
2969436121
1632416465
1205882285
642383020
1881071013
1023867878
2190591117
1271747908
3213625937
523320039
1648385556
1400306046
1547447018
3147760066
3308861460
2403290397
1373028926
2327511514
2014702278
3640272981
3407807085
2323823742
1039581905
2974732294
1036635510
2732239269
2449930520
1494958872
2030356567
1765053281
3697129962
2098241376
2223710732
3052284365
1755148011
1074392953
2063974418
1516777634
1735405865
2070542009
2667021472
1992400811
2059726669
631495723
2878719469
1413797420
1093825151
1517484178
2465843718
1871368849
3470930323
2394688465
1797168940
2890030602
1972665292
2185965725
2347705934
1980785036
2068079749
3025306022
3003068667
2063941999
2178811907
3289917495
3571462045
2167953851
1831734232
845320553
694811739
1502934636
1336754362
1502319205
1422090854
2292023777
235135606
1420940231
3594532164
1612681464
586421982
3282510876
1677495188
1509254325
2316930263
1198969943
3507790324
277403884
2716449295
1691058953
2257805528
1209148327
2254970706
2938763973
1843597080
3358049570
2538867288
1822434232
2796300566
1165449044
3031456694
699310454
3037112852
2148547494
3384486845
2774836319
2090274694
2647900642
1290881927
3184302968
1113774027
2345977133
1638962596
2181527413
2446154059
1406074741
1058157825
3522809112
2442931737
747970098
667883239
1650683904
2679568950
970624645
853557292
2225256640
2817135490
2184221983
575605480
834931022
2674789445
3716279589
2230683701
821280121
3455173682
1634498191
1452309199
730710645
1839329090
2148039761
1667840692
2115691921
2195262852
2257910383
500313704
1958301902
2127638378
1874647459
2908059293
2697555505
2261279637
1371025333
518709981
2820616523
2067257652
3288848999
195961905
2600155266
1343641586
1774779937
1928033111
2639234468
1252234183
1156403660
1930463547
2482500942
1304662096
626958427
1128592000
3050911115
2295161979
2885509547
1425212841
3732951631
1151353786
3020177843
3221669244
2565165869
2202623377
2105987875
2285648791
1461067420
1319537493
2577510392
2562701513
1584903669
921161157
3256723164
1643387155
290874046
858191555
1998231321
306313360
2789991955
1305646034
380279599
1228065681
1988405532
2184768037
3291930312
2280341091
1692522293
1686458003
2969770894
788259018
228215516
1984502945
3453810638
3306796636
2384219216
2919038813
2979514960
1910961780
1398177288
2468337924
1316833369
1418316060
1240563725
1289798402
1799556320
2600289850
1879735150
1624646541
3957368225
1239031060
407448987
2338816746
2448818391
1336827303
320155706
1785206662
596292338
2589788112
1209300271
1647188605
2225339030
2256588000
1326060503
3106288295
479417130
1802749239
778513897
662534396
957508842
1765351725
2051997991
3419668673
3797796459
759893831
2227068796
1284189024
1910170595
2280340235
2184199195
3051145728
2621400869
2499637679
1951580447
838200809
2019885705
1537235112
2631874795
1935586781
1685979746
3098144657
2518281087
1064790173
842957750
2625590063
1712740788
2905494968
909302569
1770003226
2023765735
605295204
1349784046
1727708209
2794455848
2887837249
2793019924
2046730913
1238844961
3071138926
2937504316
1955629106
3021421353
1848153247
1941030228
470860356
3668757408
1817505086
2069873956
725488853
2507803987
2947656270
3307515219
2984295704
1317491500
1757510228
2918620138
2969710963
1347457271
2396705658
418337581
2784300940
3646172008
2945386494
1381125878
3404443166
2585894791
1813741238
2418292819
2119141151
2017601898
1854097913
72935963
2686950390
814883798
868635640
1706089363
2158475226
2802322023
116653731
1799158003
1356804144
1606251019
2097904825
1030253457
2057210105
2539438876
2439350228
2172844498
2131094690
2170884630
2122168841
2230077687
2407761630
2957910139
1982272124
2240810129
1265283444
1693836219
3580458865
1847849496
2972540879
2443436187
1431014594
2772369487
2017449911
1138171151
2861940546
2027819604
1240105987
944833907
2179330680
2450931834
1836736152
2550449296
839852782
2025543371
2455272946
2081860498
2168149317
1821227016
1886561718
1145460594
1046841792
1793333915
1811445159
2986052489
1916091790
1469183526
2843542159
2414912871
2782555360
3196918542
2565947859
1574942115
907070083
2128673329
1147148377
919100089
1691961992
913613384
1556005760
1448753577
1000410608
2663226582
2560838954
1076522062
1942861917
1586851083
360865475
2613385747
466744076
2851497908
2813725463
2939274110
3274505287
788839600
1821302149
3230326981
2813280955
2101421404
2305125263
1528391358
941400109
3372813537
1635024247
1886043142
1266942101
1023335993
2749701940
2432986641
1450957771
2357473950
1740181487
302413059
2725117315
2563904160
2912884996
2696911343
698442625
1696235853
2489439008
2118095453
1640634871
1039620869
1769836882
3781000627
2450869526
1149620299
1811170283
848080013
1427728370
2253308498
1559138159
1518815549
1625268058
3423455580
1031341830
1429370771
1328033285
2389897582
2186201704
951579864
1074877593
919810951
2439167194
2699452088
1315194542
1787588690
622331605
3640081531
2459085347
2866805784
961810584
1776331604
745246087
980907235
1531459159
1980762078
2145577211
2994196001
1455297312
2564229061
3630886781
2313371228
773862161
2920590208
1273910577
2049010611
2338041060
1074809675
2796488624
2305898625
1585466226
1881792478
1672765482
1079355242
2544743261
2665940498
2448844153
432138051
2515936695
1882466241
2898409126
1363907700
2181528340
2624842839
2087333837
1933063729
1134235265
2913477201
1010161269
1306463384
1159903426
3736301924
2926007545
1596698629
3290101762
1383734770
2504883975
1407144494
1347172288
2113241232
3427833545
2328510389
2196732774
2231763731
904227437
2523510357
1232521168
1911862060
1953071125
1570007244
2468580786
2117540083
2812421567
961199374
3155467940
2828064869
3777754235
701028744
3057142106
2568014501
2003518200
2110206560
956059059
3017914120
844639537
1295328903
1599610574
2438393304
625672101
452921087
1461540001
2916857649
741245838
1767926432
2636353845
1647721059
1885455836
964285374
1962731313
3028737164
1298463181
3099170801
2643678578
3930134289
2126877382
588529584
2843198811
1141491915
853468271
2667155756
2910354811
1454342721
2541139583
841170096
1700555256
808872235
2185355530
2867857805
3073469258
2769235014
1785261342
2658558388
1581407181
1426086056
826111774
1974002678
2653522242
3022988123
2066491310
2086493381
2223147791
3163574819
1185059520
1740284426
1470504572
1845260833
2963227284
3141353587
3486214601
2161062353
1174554178
2627504757
1694771241
2703091158
2449376599
2322891920
2262679057
1669795285
2366888010
1656849258
3129202641
2205077020
2500470935
2078562860
3024897453
260635953
3680763367
3774837919
460313110
1718844862
1490197379
1487080716
1435642898
2841166333
695334417
2713728206
2510361042
2171443559
2284409224
1062376819
2213153123
2684252548
2209024336
871878875
2820863339
2455573339
1905475776
3758542463
3645841108
2021827849
1671748018
2516060519
1701744295
3623589129
2705095829
2318153706
1804247720
1282526223
2532758522
1156807876
2048558783
2722633823
2658674967
1713082188
2078151579
1815142046
1238618876
1421274584
2360948754
414337932
1579066382
1204493655
2771379960
1199474393
1825426032
3180867084
2564403142
3052342333
2378081127
2698212978
593704938
2050110244
1326657799
1935755110
1803335737
2068958259
2044629116
2482272610
2538233817
2152199050
1127597887
3562651285
2165699450
3015998788
1635742219
1288143021
1269720727
743919472
1645424264
1592195284
532238640
1841709859
2040996727
915377380
1736613922
2014088746
3691194096
2315562334
2398954627
1238198109
2797794025
1989029596
2784615398
2153833142
2686754773
2235353703
2156707321
2070982204
1804764725
1836365061
951993992
3072203863
1888493198
2642867279
1418117351
830367358
2445656131
1335742842
813568245
368172558
2540353099
2461763852
1594115678
2297184605
2049552854
2718504426
1365594244
2410168410
2025690367
2050943675
1036715907
473363419
2657322402
1779142365
1679001183
2428522640
3112518884
1032423897
2285374719
1308865166
2719886821
2067712253
1258433166
2835346210
384113160
514229871
3743529643
2417445441
2846133516
2599601856
892765214
996317435
1357454095
1830360790
2356351774
1979725982
2255427421
579127364
2643938591
1058371721
3792471474
651046319
1738972176
2215659153
1324710710
1725986937
851720029
2955631516
1955684390
3020714817
902134965
1599265374
2621615172
2041425029
2761803633
1602478940
3452694505
1449090633
968235160
1402834632
1909907820
1601237759
2337444013
2152883312
439139463
1390542668
1400357970
2434025369
2193430286
3576696628
797948675
1547050402
1479755761
3022480055
2922396008
2022298141
2314429607
2483506071
2213162874
1843924958
1692333952
2824509895
1093913191
2119290486
3070691383
2224319604
2546567675
1337999381
2135103507
2571404732
1712869744
1056804371
3350177546
2122681217
2101636548
1805863740
1257015748
1819128160
1800691192
1769345345
1530376037
1688449001
1259321772
2678626932
2239323413
858093870
2608211189
1599750401
784574102
2408884076
1987676674
577504898
3019271969
2140599767
2677982187
3539383751
2398223424
2609249951
1900334990
3263208263
2412900490
1945898324
2586786674
2399152613
1504337964
1644627763
1393768170
852054569
170603720
2487520171
2126605459
419961482
1257481356
2744574259
1514084217
996770116
1957309776
2733823488
2622157900
2823375742
3248001048
858335917
2378400771
2958607798
2373622266
1545592046
1264339962
2470270363
2098414704
1523658769
3564421111
1799990164
1007704327
2226482111
2371617778
1020258211
2311495972
1823811226
2110707192
917927893
800502784
3097539691
1312525750
2013243558
2050414758
2031391047
1820773633
851380514
2780950875
1352388770
1853767351
1695852519
2099865252
969226498
1397909895
2794905985
2436325299
270508716
2121334858
2327798225
3277304256
3092686081
1845212414
1889863658
2039880500
1684785705
3562057360
2131608635
3751101993
2979412429
3018105366
828213005
2708984687
573875635
1210602632
1459592085
1337268161
2077911359
860307960
2320965573
1094346465
3082160437
2934597882
3719377075
3642287433
1531393824
1475874240
2213116691
1009788740
456682678
2261546286
1348441793
1554143721
1673248259
1840880683
2400772610
1727318859
3184755608
2548833010
662887952
1459400639
2507184710
522864131
1185702413
2267809171
1661501224
1907886354
856155879
1587848669
709531861
1382252076
3093278233
3462649317
2302019967
2486064613
1534353563
2217579351
3117760488
1455879345
1703725473
2443175565
1725517107
1182037503
1962876237
2634347848
1453551523
3320972683
3135651500
766075334
1831025746
972619613
1502857178
1296361843
2360907502
2083102498
1360886632
3465700268
2793589959
2318561281
866726246
2065032828
3111789862
3149548902
1268543550
1461939135
1841944316
796609581
1258638017
3795226633
1161876749
1741115354
1007737817
2514123577
266974282
2087819504
1544485710
2111182694
1590083247
747801745
1508117848
2993365531
1773839659
1612513821
2584171637
1289026449
954600007
1663029642
1818327352
1794987671
1826149366
3497487984
528857601
2728859900
1501688504
1469382878
965553313
1571690140
1547631026
3320213263
1247299646
861798733
1976870740
1861032269
2604016053
1244698721
2841884034
1052830756
2668535141
2771575256
3192434954
2665309786
852130537
969181513
723398682
2809182308
1822205517
1699864688
2889667834
3669842077
1703650770
1191206050
1164964626
2223574590
3263353995
2521705647
793172188
1668586356
2030052449
1627282567
1909049425
320057538
978635393
2184769962
2705338466
2853394023
3222397867
3266157845
2336210188
1901447100
2509564915
782271463
929728580
1714793900
2946988047
2270222740
3225202602
1416553730
3553771981
2483055153
2223179627
1294438062
1972974760
2338569213
1259335051
3641651548
1387781445
2237074250
2419188861
3094622733
2098818106
1706220852
2528882369
2402048255
2414626776
2252745417
1881663267
2847230369
2090243619
1499419975
1523413656
2831629039
300758431
3332013972
1129188748
581363665
2450972814
3594850384
2958819247
1044248100
2881002303
3236109660
2185161830
2058751060
184340465
2222087280
3019456918
411959014
1564934786
3057905384
997375745
1981671014
1950961348
2385589612
3418820206
2411469851
1717908595
416220317
1236381848
1866584135
969771365
2416790779
3307989821
2522287080
775262242
1398938637
1510546326
1143585536
3527221216
1675980535
813046237
2663674429
2082148776
1757919752
1944181566
836212312
715401175
1536644258
1190764693
2151381776
863101578
2700621637
661128592
873405005
2013043274
2548778293
816198438
3886833040
3025385846
981655922
1200077340
2163077679
1754634118
955685334
3051739564
1292951665
854789256
1074173872
856944580
2029708905
1528680205
2039519961
3366600456
1972457083
1480411011
1336242596
1444323706
2075972378
2457446724
2001256609
2244285753
2190830511
1998149791
1069666154
1662467373
960440078
2226410214
2058294310
577784931
2494716541
2407576756
1238832569
3328566151
2788382196
1873391375
688804903
2394548403
2511346300
2089791128
2534089970
1880717350
2598410475
2398889083
1999290941
881808351
3353693640
1819114905
3036508481
2947039048
2553157444
2208008194
1245901496
2712569167
1419404500
1049948339
817193775
1919794932
2104089647
1764165044
2413620740
2489770710
1192452678
2366557865
1617885387
1834530687
883901839
3302909987
374582525
2055396118
1903496737
2204709655
1611172948
851176248
531048595
243528109
2468942915
2812038615
1980347066
1264308727
1650262707
635159800
2268463820
1600125670
2600120691
1509943734
2019075745
1967667523
1648935943
3221653646
1847726181
1038340207
2743339122
1412552172
2188861750
3103996670
1744131916
1756973361
680530465
2641733248
265539329
1482920714
3291889860
2759110287
1436321362
2217253387
1137577339
1396444961
2749513150
2136173908
2715902058
1846468659
838986189
1006738832
3636028216
1923439466
2878193103
3378709206
1603395926
38706378
2165720827
2077972380
2258435203
1685087475
2072717501
776923524
1646992674
2796716885
1205687384
2108993420
1903066791
2214840714
1594632365
3370286141
1380975994
2152006360
1904519185
378019254
987319133
1805630164
1209452183
1781271944
2689572539
1940782141
886826033
2166628142
2729937780
2758847139
2872514822
1854031711
2958267788
2313954228
2663752962
3170379577
722095229
2598551919
3368937813
2372973245
2049904781
1595027535
2777500495
3813108383
1241712399
3009915753
1402919415
2632040709
3566157983
1068735081
2012110131
2972678509
1428235725
1796736705
3131680843
2081493983
2164307524
1410088254
2980354981
1493254024
2724690500
2979116120
1082747723
2757928951
1607336548
2147164633
2166517764
3354484242
3063195826
2975454597
1580521882
975343103
2783421188
3057085322
1590701955
2223956933
812597658
3076714826
1303692655
1042570842
2115659468
2931227528
2308559379
2577258315
1637478346
3244861243
390090812
2195707388
702685830
2607739279
499656942
911255426
1857590140
1897223172
798801463
2661935608
1756754416
1247196815
1794018150
2598651860
1551692997
2547633846
1466880718
1808191949
2207974457
1236018773
1041860791
1816229422
3101307936
2170443909
1503440453
2066520892
1571944742
1125996575
1031465627
1666741159
3259298479
1111087341
1907628417
648960097
3351523045
2686067672
1828214808
2967405288
1421427383
2040864608
1858119545
1538837999
2199871242
2422579426
1959406184
2344507625
3278651121
1561047707
1350552595
2027206315
2148259225
2984739786
673350380
3657408420
1335537855
2355816242
1406477146
3267627199
3441857785
2360975502
2429482233
1776036351
2379393370
2279905750
1004883000
3390530561
707277611
1856143806
1625303198
1285680481
2519336942
1980491436
1331795763
1344554830
1697482981
1634461281
2653010409
1528813567
3376720049
3287776162
1148505594
1527980245
2392409519
2365297600
2272007661
1490945902
1246566614
2891384554
2491151585
582681437
1807162566
2071904737
500906527
779650928
2030281441
1971650241
2663686551
810956407
2417728441
1526074868
1463198882
1736838400
3167442134
2723431541
1689438376
2409826556
3071120869
1113993546
3533939786
1672460547
2823932653
2865901898
1971983846
2207879050
2788443009
2419135966
3011349223
1655797464
2017604738
769598159
2544174934
1639173359
2662425350
1467827934
853956788
3097370971
995625565
3101650648
1902852426
3041976323
1312342970
3105529635
2517931436
3727448911
1034518162
3837049550
2307531556
2381610425
139651833
2927402236
1821974613
2248756164
3113274506
1698160702
2523621051
1140973330
3130670284
1167675784
1072737074
2308653176
1865848288
1679835639
883926846
1817353150
2119297333
1796880642
2080394111
2490418590
1847140498
1899193555
937090630
1051318357
2110818548
1486449614
1909404456
1681171959
1525223522
1595649484
1337024765
3533598680
2997816848
2419952940
1376394137
1167141286
3023175472
142558844
2093461768
1373177613
1762765284
2657424118
2385036774
1249690080
3269444689
1297973993
1676437034
2362636265
365654682
1598022874
1006450600
2060821235
1337667295
1175521685
1757697938
1208623162
2498069239
1332355905
2700037667
2852795097
3287298595
2139939973
989470939
2049230796
1818152403
164690225
1320764531
1601090440
2630354661
3083310210
1657085808
1399817144
2015299628
1011558823
2547678825
2520379820
1044111320
2731237423
2504988099
703517097
3614159737
871721206
2902573111
2216366902
3213443873
1093905804
2195373131
2464340953
3594387300
2209014969
1471489479
2538130496
1272769895
1883029751
1269081890
960470170
2978558808
1530312791
1241135257
1471288548
340356518
2620579850
1795276535
3242971750
2376909145
899556252
1022131611
1536272759
1475919945
2125800735
1432631100
3751379877
2798961035
1438986047
2833236384
3081345992
1668334834
1751999702
1149990980
2222855906
2564498638
2214024149
2105635251
1046581929
1541217406
3539293848
1350862807
2618188334
434147503
2190218773
1440395437
524560094
2069360824
251650397
940078814
1952928683
1742048085
1589255935
1734990004
2600978282
1683707362
327008688
948247304
1676673324
2603624498
2339340501
1236260292
300007945
2645924890
2431287099
1719933159
1647494312
1703756837
1689391092
2379977827
2012921456
2049966468
2554429318
2816136876
1911634970
2423616536
1616111927
3105723935
935783662
1368433678
2375013084
1884973414
1557241895
2459474712
1686560466
1118468897
2757460167
2002218248
1609587732
2116348350
2144018831
2825888190
3005753485
3071746081
1661862352
1919460694
3360544593
1261172993
799038605
2253455428
1525145239
3283438720
2471778157
2587256010
860882997
2056604710
1207655043
3019775335
2408682384
1735459710
1817913357
1980606032
3043236360
2539803548
1103138915
384681336
2422535574
1677140909
2334479035
2376877105
2187395647
424637340
1106010024
2275507040
2469192654
1754506017
2662409498
3225669686
1459824297
2471130799
3150032840
3684504856
1725728062
2253107065
2713632941
291200393
2610624144
1390445622
3462379306
1968286057
1235604476
3347448220
1785909119
2541217402
2169230349
2053386691
1891724034
3298862538
1476237713
2450245171
944261558
1768297262
2244713778
1413993969
2286638894
2371690808
1711076676
2500285453
1268407830
430977525
1705259228
2451966029
2720575105
1052855415
2330546814
1729197733
1516723144
3572322522
1108902432
1648816630
1462526561
671620333
1672219023
1520246167
3679392944
1700757974
1971393586
602261820
2509272652
1287188756
2937226537
2245695995
397231411
1775042580
2301563270
1504549402
1664377474
1454751688
1148291129
2840426536
1569291869
2216862233
1983893020
1358340706
1995079821
2440099302
1450368274
1675069691
1771888363
1628084781
2323581545
2270274689
1317783275
2184476611
1533096487
2210589315
2061103307
2556164200
2221322272
974080997
454302476
2217393555
1859667314
1319217841
2248034765
3167106140
1127385308
2053360261
1928015066
1201814032
2344415031
1736813493
1828684344
3564396495
1282300010
1712117734
1573159781
2215010636
1792211239
2001453993
2694603045
1695773110
1914592743
2219190406
1491226734
1837355995
1347684457
1733412856
1400093474
1740966963
1834582116
2306454481
2169740373
2905147376
3268053355
3575965661
2956047379
2042855902
1317437259
1587366055
3655251092
2299403843
747533648
172361026
1625238818
1970286702
1930666038
836936173
1082550236
3085625964
428264112
2071770675
3556243075
2859136431
1081834061
1288733318
2231953205
2023153556
1674919261
2989898341
1844240149
2156799942
765558113
2510970538
387336561
1821040727
2500002276
1848895668
1677919017
2396430766
3278421562
2373293815
907373245
1737427228
1203136342
3619922036
1389737649
2905360727
2468770676
3004825253
1650989770
2978900571
2532829975
735605777
2198628254
1656774615
2254997887
1952818147
2006484216
2280496394
3383839666
860170769
2564035673
1165420423
1907925637
2240624173
1902569790
2282939727
2316879662
2424167835
1583463415
335858127
1115467241
1009663685
3186239251
1867616850
809819474
2656293292
1544182237
2006662182
1056780556
1457443954
3394821425
3465263360
1564667564
3245796554
2226359046
1999576026
1911785997
1544361870
1170553004
2704301944
1449344797
823390855
2920870744
2323846577
1976454441
581895091
2458370187
1334399805
1368914051
1179249556
3021685191
2535319527
1307691958
606476974
1323105614
3095300640
1501246609
1307689606
1753783620
1330870251
2133369399
2254004223
2366613510
982466410
2370852575
1666615888
3158407940
1200406234
2505897033
2540710033
2798639583
2582049624
2004129517
2186822775
3266588011
3390148201
3692627397
3224214445
1532561563
2178572090
2176286375
3261769601
2067678726
885452540
3040029665
1404267743
3491868000
1094079824
1508906982
2757860249
3050142311
1741888148
3984064459
1962982035
2449498390
2344057660
2820615078
1130677099
1601437549
1859990045
2830225179
1466844793
1111923796
893662224
2862549066
1762881245
1787754047
1461245192
1945149948
2119391218
758603197
2899145538
2367007090
1402065786
3686137350
2864780016
2614372197
3513838292
2965789728
2545470430
3182521485
1386673914
2863799559
908372189
1172592870
1983163032
2595388993
2177352568
1831947418
1525883671
2153719564
2551043708
2431287072
2336537551
2024709529
1254517177
1717660900
1069753777
3627577197
3292985764
1989712013
982408618
1633122542
1809468906
2039642268
2092615575
2735844745
1569788883
3243662205
2586719484
1351546208
1309633545
1103347755
3169040183
2990915065
1565383461
1937473032
2010671094
2502827372
3256620209
1750420350
2056157057
3458546313
2341558016
1372272997
526879645
1558022156
146462586
2435732889
2082573795
901081463
1106743602
1191169936
3583767894
2583102406
3343128657
3876465752
946624816
2549286880
675407643
2085590893
2837692514
1423191530
2350862994
1803220438
2113139935
3193718280
1538848420
885646750
1865612686
2055628356
2725087441
1297733737
2620091619
1984089531
591990854
2832024982
2470238229
122323346
2349365845
3370745781
1746043126
1968780564
475913244
194335660
1321340490
1345177911
1970406185
2262772669
2911351776
1315578524
1528660570
3040449036
869135306
1312949689
1921757657
1626884458
257239489
2528718598
2646393365
1603517876
767353027
2341966585
2525727643
2379357448
3582264531
500694351
2428891469
2706060142
586775011
1893303068
1901453043
3452377119
358298586
2345162559
1385500134
3184078701
1111446146
2056063756
2671076761
322551430
1057570284
3049745312
3473361185
1146081672
1259663451
1298252009
2172946106
2133213599
2148046049
2657734388
638068760
1068312146
3169401562
1145911949
1265735589
2225707561
2157805963
3518382917
1903820172
2211980792
2099305986
2357267035
1379968834
1220967510
1451281441
2168207617
3760161656
1478097720
1513351888
1845017426
1765033759
1608032791
3271701940
2790214162
2505771473
3399539075
1668445687
2808845579
2350162500
1740404181
570513592
1432039859
1721851014
765938962
2083083808
980634811
2307638777
3285066600
2439105974
2193898743
777874212
2116960067
1354641548
2607505319
1484706881
1821029576
2230779884
1599788186
1601409351
2877160215
1870940171
969308552
739836916
1966753912
1211056183
743294150
2063823245
3060976826
2461354775
2861164105
1686913175
814667669
3402500677
2193091236
3205237713
2969692714
2741348370
785000950
1867144190
1930985028
2953486220
857466178
2611468620
2681996219
1670059326
2749198912
2896836998
1980395098
1344879995
1851848550
2353369629
2678979652
2199798693
1813663724
3044650480
2142301580
1982693790
2364360827
1769362146
1741168906
2414166372
3234398659
1960368749
509125703
1547669235
1108546794
1176560145
1386559086
2252583547
2847660195
2722311264
1871205970
2858627265
1184233280
960660086
2565165308
1004951037
1893275385
1226800756
2626692392
3086289531
2647710463
2691303881
960647350
2706723564
2793084933
2639396159
1968698484
2537282697
1908844488
2401632084
1644064505
1626248540
530129502
2084066127
1521221215
1232253627
1000559045
2474082396
3598359736
1386593536
3256883316
390313948
2140066231
1128690189
1676083900
2547651167
1470043254
1778907973
2198028366
3104889018
1743187596
3274041363
2665377733
1970558937
2458933667
2022009391
2828603336
1859126205
1642932245
2753894607
1639786232
1757211231
2125748081
1520848819
2267112264
2975523562
1993072301
1817788936
2243068414
1916063858
1837273591
473998418
1356684645
1619668569
1074133011
1808700987
804149653
1885549483
2590976068
2747434877
2324284317
1720415440
1626858701
2250450441
1467160860
946059782
2099712401
2460207969
2056737185
3340573243
1468172283
679783969
72020586
1793224124
1454684596
1802108208
1730527338
1296212608
3663251070
3302815365
2158161846
2096157210
1803290136
1593965802
3856043431
2971660156
2226721791
1511204510
2867781971
3135866672
2463495754
1974238553
1619068131
684326930
1602198189
3021899793
1352013185
1496139903
1989080920
1898937341
1544173758
1438441408
915228807
2570587839
707973886
1212713572
1520913005
1500775245
3173547384
2997634100
1595073278
739667263
1535043288
970404549
2988152021
2064308858
1977504528
1934806480
1760656104
1388141491
3315507546
1922473966
2045527594
1276319233
1736108978
3193308385
2826326623
3155165005
2796465826
1915752540
1920032602
2898307686
1914702471
1809815737
1726647927
2383832340
1852876702
936780713
2608371884
2762937377
2772517659
1390062920
2133965410
1043108799
1475315898
839473141
2898099688
860886779
837883429
1659432932
933907184
3065432791
1254799158
3087252998
2734862064
786175457
1597910478
1778655211
2978445734
2585550109
2582645092
673974212
1382509391
2031069554
2905749523
1785181644
1845905843
2256410554
2844193690
1342101279
2961260575
2698066421
2092133565
2027786119
1775620511
1695434041
3220574608
1549902243
2523177102
2552421891
538082034
2244728792
1980984317
3362866765
2197233431
852251000
529766519
3644944477
1557602985
1807873038
3007585012
2386253726
491756462
2323579111
1928577842
3010656866
922737810
1906659670
2002344494
3549290817
2020566207
1623703664
1249280805
2766094656
3881612267
2147368478
1901325986
1485140797
2746720617
2105976520
3093329881
3610958009
2966381542
1377433767
1395487524
2628927513
2449038562
2166631638
1980555336
1388500139
1603669990
1123944378
460662826
1140046982
3937467851
1469230221
2120625154
1921340352
1602629134
2456736773
2106396215
1921282565
1326435092
746693907
1448019020
3225533144
3199430002
1409034713
1629925330
309295283
1336838090
1056597341
1761033018
3029370709
2899915555
834109238
1018907288
2652537726
1659249257
709921570
822684598
2212237975
1818377621
2485316342
2939934084
789713213
2692580883
2564780441
2416701554
851544618
3327305729
623520997
3481467052
3190635945
2424039544
2325880558
2219251095
258459675
2555310056
1165895824
1385648739
2639934291
452414958
1094925266
2231735167
3224208409
2023211874
808537737
1970056265
2519016375
3249315229
2185642459
2840260167
2681918079
1549882081
1524131520
1215733049
2358776871
740282861
608662257
1012100933
2518808723
1561509414
2010509682
1840467748
1951419061
2670202042
2931225299
1788031011
2063431828
3487719775
305320109
1389394795
3045808961
2630384031
2030977198
1010071049
2720755738
2489351211
2209131278
3171526336
3559057744
1574245254
2310589771
655691702
1013258047
1972845584
3043285367
1284486596
1691581218
884645205
1043330138
3240842959
1896557583
1585459980
2781045634
1112723580
1577343794
2013604040
3051647144
2345587715
2725715582
2585018695
691213836
1522954370
2814591030
2350754392
2997042193
2133977489
1398792895
2351110362
1336877163
2875800808
2897154598
714226766
3556915250
1827678156
2404688935
1846611211
1974640871
1608641569
1851982370
2735936532
2843550660
1335748609
3626622870
2117701318
859977806
1172654467
2435857841
2274028310
1579016219
1888049641
2941686831
2239669656
3545270075
1719541157
1703840030
2985056164
2585991312
2858504701
852111185
2919847315
1388969522
1807723149
935565522
1077085797
1517751431
2000009842
3081018574
1447531237
3401059955
1778723518
1657575503
1701195627
3622787653
462256260
2404149823
3802616415
1495446153
2462815414
1872943047
3355385241
1977801133
698442664
458433665
2620536652
1913236809
2851345028
2808684390
1833139835
2915712217
2722970518
2356563049
1852833792
270585505
314015671
1928279830
1176250198
924615936
1042401221
1779895577
3679886154
1727826782
2119219661
1496173192
1447709514
2433128567
581914923
2749884185
1286981033
1406549241
2025665644
2345060775
1369962701
2409416583
862563292
451492575
1753325808
2026020086
2061550761
2725064200
917112005
3201358949
2413941462
1867223721
1247476782
3003871350
1002599920
862653340
1938926902
1747756336
3511204861
1582970221
3463638743
964683687
2250555985
1673082756
2625003760
1703325510
783400455
3240300923
1812707739
3121202040
1181412654
2015301619
2411244666
1455654697
2969281869
2894141954
462831014
1655907503
1737891884
2522458993
1759086663
3213058887
3197790909
2242638398
1325481803
1927109019
1497474178
980741563
1223186965
1322383871
2354589277
3185754886
2005827629
1967687470
1008172065
1087219809
1765147158
282053772
406614908
2097530061
3459527785
853166846
1466099371
620214706
1757286928
2198100727
899897240
3045878279
1525916480
1725201158
2646521263
2699023591
2763520412
879213100
1999804505
1789412679
1323627448
892416244
2261729898
2447882639
938803841
1963013577
1904186928
2590975763
1571450956
1148348295
1299171459
2483832380
1069560233
2446166608
1485209963
1941134542
1702027681
2117158489
908089233
2397180572
2779450345
1928215861
2282595171
443309866
2406991880
1323115291
2519124464
2796171195
157039868
2383953629
1473972601
1504278085
1768079476
1249560542
2542189107
2020858306
1954733422
3035437705
1935746058
899423769
1290797444
483599911
885212259
1312045648
1860548667
3352936211
2005079729
3075738323
1782057659
607005397
1273752170
1909881045
1448148006
2897993129
1447368703
3151631358
3498145387
3162920108
1327639788
878489999
986722281
2987584856
586534015
2429520765
1799736491
2576735306
2272119395
2902478714
320918986
2515028423
2103389641
2540138717
631071731
105265974
832505443
1708264986
1257812261
2846082491
1718188313
779848303
1836118341
2191932880
2015664266
1136127084
1021103703
2060312175
3270310974
1361840818
2325222881
1938479905
2211433946
2200973178
966922052
1643191660
1254650030
3631252717
2809484986
1615778052
1658597009
1456041199
881360412
1430450526
2135168635
366822590
2088662650
2762403572
2117119430
2008972285
1559344415
3554057794
3042448164
2044805661
576997150
2049869863
1203773184
3421201954
828544223
3085542258
2348681774
2161762124
1796837770
2880254694
1750606971
1889499421
2143213532
2944309578
2029740141
1800589986
3160589366
2610452807
1163803820
2135612302
3723138329
2937646590
2629648507
155885921
1172644494
2187420710
3028853522
2763284808
1816846671
2664923115
3359652703
3435063949
2016305022
2868890856
1634272902
1142345341
2357683463
1958874448
1171166300
2945283768
1728813694
2776966574
1146983064
785517946
1656062102
2257992350
2188763932
1021293035
2068825053
3196669335
2324306304
2256692591
1957918360
1974175087
1784548908
887013479
2890516188
1948129940
656648237
2381542191
3134016861
1047842130
1820081149
1727470060
2174981304
1945820932
2176547431
967973265
1082612537
2477524594
1774030355
3005189787
1025717712
329301961
2448434820
980433029
1728934795
1781620317
2151879525
1052185284
1610999554
2841101189
1840970724
518395402
748024040
1858979106
1496414645
2368534449
3827051141
1190936155
1181242335
1922902354
2003716907
831936168
2634630918
672272350
900249823
3185480557
2374439873
2888654890
3343682726
782348898
2880830600
2029900191
1710326203
2526228187
2792215551
2267503439
2493092969
1067142767
218404803
3206277208
2141500180
2964321245
2498125432
3089831890
1932325312
2020815573
2106845297
1485026362
2484988958
710835562
1361312578
1265244464
3779989717
1652576941
2614594322
796464681
528007807
984380040
1704015662
2115328009
2352265330
1701443300
2092977643
1981548539
1634606193
579712955
3158422988
2325065635
1412387940
1339462562
2949583764
1056768120
1343037405
2937618227
484434751
2065916609
2173515117
1612460036
3742738572
2214864527
997595032
2423212621
1807992826
851823305
1860817983
2609701364
2598415770
2069759025
1725156024
1112323814
1664799917
336845830
1345188403
1181328938
2390594867
1902027551
1871496685
3406976665
2034104672
1618299589
2454887742
2062761847
2114855608
3193392125
1918721798
3273164959
2220604353
2529630986
3856293244
3448462356
1351864485
2060155421
644779941
2630952966
3919475448
1276051019
1538916843
2801937765
1723040709
3155016446
2146775955
2760265365
2357958101
2687364244
1712388328
2883049757
851727675
1790235411
2539243279
1745952851
2123618194
2628114492
3896740348
3006675981
1622705322
2438710744
1189516337
2952691849
1541553470
3278515905
1425612535
1937200654
2541499740
129018355
443900787
3077367999
723360415
674707098
1574730044
2018962859
1676200005
784031434
2422539567
1459957827
3486862303
1885617314
2853194456
1430177070
1239642824
1567535294
896853488
3399379394
3550063476
2389808107
2737191094
1570357165
1880258094
1041394343
3401411785
568830407
1360163084
3065136796
3095597150
2712709173
715762307
1400385174
1934199486
2377181453
3027674028
490738298
1181747703
1468057541
442425484
2640447137
1171441511
1942233939
1018753255
2270420581
762844854
2148702350
3604749686
2710555665
2536513467
2308446683
1912335599
803385117
960377101
2246954858
1874370879
1691901650
2657530994
2941388839
2690604450
2988707014
2715961397
1734503900
1549582967
613347315
1410001291
514250441
2211178862
1366781254
2822099395
2603878689
1185364294
1911549725
1606818051
1812901947
1208140854
1809809840
3090970551
2204509915
387054748
3358510844
1995815457
2118278436
1928021795
328632804
2421908975
563698478
622271060
2679275188
3338380851
2461032915
1960667252
1313189936
1975034324
1471747797
3701664163
1009002321
2114582944
2345028836
1432082518
1785180506
1003378169
1299245442
2042642312
1120930353
3090834010
2195013586
2730314491
2328054724
1085069677
1694419953
1663733428
360961621
3327118931
2882424976
1885793205
2897351873
920645380
3226933641
1463478233
3396836496
2433617754
378493916
2704711565
2682097253
943258827
2117046021
1375967267
1743039085
2117402147
3132378364
1624874243
1094862886
1195016519
1686376009
3172047826
2589984340
1831088719
3028783837
1821980696
1135159942
2158858657
1929260899
1779338418
1952512386
1389526531
2069529087
2323062138
2292877685
1715288950
941375824
1531232531
122574693
2465611314
2903405172
995656240
1853063681
2870979765
1847121614
2510142447
2348721210
2303102728
2987604064
1353307712
3918431535
1838618242
1607762361
463731155
451788449
1494531176
1535722108
670095181
1389073514
2269969846
2291256740
1699868215
3029543800
1600302085
3039123467
2506028228
400694914
511291763
730068415
1885955462
2554723973
3499919619
2529511395
2716155312
556009123
1550440524
1088746319
2276301984
1691787118
1210411753
1265105749
2029586273
2305262214
3990800113
2051066091
1888820228
3852324259
3853258629
1769419455
3397566862
843774618
2255209147
1530487569
1449002482
1051098519
1674135093
3038657086
898782040
1369670676
2150729398
2577007447
2625026629
2497897835
2720310637
3038896008
688315621
2043796832
2657097941
2311588126
1853036384
2678207277
1609045401
997066514
2810088545
2509244886
528026844
1959236729
1688098282
1592826782
1083841313
1583421126
2264015302
2256259172
1116451728
2715384179
2807990319
1263552889
2000593330
2000001716
478319949
3130396707
1735635394
3532820810
2756219918
3645463502
1786744949
2797110295
2402198565
1848996632
2806881536
2721354068
647072029
1741699170
1774180452
3030276172
808002083
1815848023
1678548530
2287350170
2547943066
2003038284
1505524508
352981439
2752046982
3198868428
2775572461
898744119
2110553213
2508627238
1907963864
1237904274
1762211918
3365747909
2027808599
353370798
3633286337
2297350933
768737094
2129110749
451781008
1566624347
2847295701
1449137423
2329021506
2336068663
1575238126
2277669904
1789359863
1976298881
948443328
3597365623
2256578924
1663417934
1076536602
1219955302
2142047660
1931373816
1371638535
3476546068
3257166483
3153550223
3017721806
1619915615
2638795809
2644726050
1566664208
3023381402
721721339
2401591018
3196557863
1126648636
1221697178
2548060257
910413438
2539282398
3523984546
1810516145
1645816802
1669616321
1632582903
1856274274
2166376480
635220376
1622379109
2074032841
3525966488
418955632
570506180
1902331718
1743136387
2283242309
1774150808
2185011516
3009002390
2297129797
2521392889
2375552009
1265681194
3593718362
211720739
1626542626
1871845687
2271465484
1426595528
2253647415
1024821436
1367690224
3084603094
1995119150
2423221444
2062199328
845219088
2632195206
2285510866
3104029590
2949182491
1474743548
1852366988
2362787437
2399864817
2476791588
1632824500
3150285152
1949666670
1618799074
695119581
2312977819
2562235853
2037982093
3323840806
1383566096
3039535944
1154161548
3013162322
251562192
2506942831
2520258550
3012873259
2244437946
1049284113
941594062
2559323286
2839458850
1875076532
2081893905
1612354698
2128903762
2775926075
941755273
677919343
2788267178
601737654
1575759976
951473774
3122470875
3450733573
2364084881
2599024071
2353198387
1730426900
1108665739
2386002416
1647358855
2202426768
955578835
614809137
3313033040
1084292504
1770404690
484712989
2458163620
2470886480
2102650511
3631011368
2844802684
1718905980
2859401282
2446354094
1615133704
2612625085
2355342247
934037347
463297799
2265369926
2764196682
2675948778
1789213448
1490244140
972058321
1505977016
2133479552
1450650410
2227501671
1753140594
2355981042
3615909909
2057521313
3237004771
3193865475
2210657091
3005696337
2025263875
1453534283
2615415976
3306948389
966706363
1580036942
2146603461
757067321
1810462371
2103271801
932053093
2607705420
3409432842
2733094475
769730026
1356859737
1700484952
3288285924
1178356010
3238965626
2203867898
2154665070
2616426902
1159448374
3487161886
2090227686
2719360276
3304577186
1960723650
2266374326
2454732738
1772103770
1142300654
2167293557
1236978505
1945628801
2625449236
1751826410
419212665
3297729991
1276241619
1394773239
1052929558
394489479
2345996535
1008306470
1657188395
1955067515
669932741
1319369309
1078798355
773048713
2472543297
1607065150
1194042411
2039347570
1346453621
1766448210
2778478475
1387610792
2060305157
902323947
1331459436
3097166119
2903503906
313537964
608241053
1703655362
2835655755
1973073168
1451476747
1745356024
2288524068
2080192259
2410698880
3711865083
2294170900
2754187147
2906646452
1713771389
2161984907
1428402383
3509942488
3431032556
3044327239
1928666176
2088243122
1609452531
3100536731
3306423907
2743636234
1317283810
1441085855
2151195858
2641999188
990156920
2289179771
1184973557
1033895028
2447656802
1653864579
1040615486
2871175211
2968460834
3097308284
3306482368
1907340249
1929508008
1463424273
2886520955
51692804
3632238032
2055283924
1180288185
3230500279
2935268622
2829589981
2171450961
1981461802
1521618948
1135972267
3213706083
2057952099
1935046120
1956132914
2597338933
1404717281
2785979513
1608033622
2950933095
2398555744
3206642871
2325976714
1149263490
2509776611
783527928
3605912817
3200096266
1471322760
2546596218
1697066894
593455170
1315637966
3166013340
3196927267
2571123381
2393948803
1155373436
2376508522
2347893009
2584634677
2153246361
3300286534
1899877826
1698186964
2295327622
2720737832
2219010982
1762820830
2771232333
2023347939
3645986022
1362296109
3462131442
3156942281
201714523
3099864256
2687400820
1456267922
2948845667
1075341509
3176171301
1578999951
1627816792
2081790541
2007613872
3043686330
973398661
1756689267
2690575676
2117631095
2485143033
2333543781
3024826905
2218526329
1348535956
3230452003
1584998736
1370803977
1129653384
2385390361
760369272
2020789690
2226306802
2874364095
2749577292
2577400850
913819900
2937013806
3148877405
1680605924
2281805911
2123865571
1570456388
2296445437
2552259970
2881612687
1926254665
3110213097
503475907
1645948542
869207000
2469693837
2818312124
893599606
1537346618
2630986023
2727516964
2266993266
1240540387
1329709955
2977628825
1902347671
2438376949
2829528579
3469590072
2897011772
1013704519
1554354292
2513441239
2004891712
993806063
2436005863
2578250213
2301107023
1844571827
3296098779
168340277
1076793011
1435383302
2464803824
2195432287
969105796
2021102767
2306659687
3272857630
2822125418
3120334280
2471244441
1498572926
1258853300
3066269375
1772630342
1978157084
684495407
1410427121
2120991287
2464035172
1075991026
1893925211
2701710757
2094819852
2020085301
127226344
2364600343
1939682587
2450085563
1821964512
2816401301
2194551225
1078062149
2250638395
1410448797
2719958297
1515369758
967822804
2342641270
1255148544
2834229449
1847141072
1126932771
2025569809
2471863517
1895908058
3236503660
2436050267
2165072846
38583325
1534718240
3251204587
2319069910
2612974454
2768085663
2633471407
602491912
1250298824
1279328297
774976025
1226686557
2537666467
1935383286
1829822392
1968139341
682102385
2740283913
2845842515
832579313
2199850944
1260053070
2847004874
3541404385
1814530820
2306061511
3475538200
2298412270
1620283037
2109578124
2113627854
888907565
1416193566
2296995900
2126170950
2649205286
3443481419
1981097488
2292123240
1934324243
1474823305
1292553577
3229320440
1987486271
1872617185
1655747890
1979250601
1923083847
3419680609
2307790740
836964884
3121736396
778599805
3201966321
2447025677
1816322246
2695655128
1815463731
3259770602
2492796746
1525200506
2126581780
3003177725
2814044789
3623617865
1319956259
2141449605
1124796018
910799384
3135852237
2408299339
1702098987
1781944485
3162579621
2990366599
2164345423
887757193
1816517485
184801170
1433582550
1069753883
1362265712
2968600608
906697062
1054001563
2017575391
1419140589
1704170588
2026774664
1090634496
843169289
1293156684
2978709048
852076174
1951719329
2533342152
2922971285
2172230048
2227214039
2183647479
2697943191
2623194993
2569301133
3828495442
1182971665
3061340714
2176490751
2446060423
2293711010
1844297117
44037327
2548944733
2623108192
1954982196
2415975567
1475157421
523218758
1503348592
1859849291
2385913096
2362100550
1411371492
1281122796
1705056132
930420805
1155254112
942742203
1807226152
2092300976
1404111683
2147883371
1193523428
2503941588
1962301301
1683896769
1934743466
1265513403
117427347
1503459440
1314929112
3241442930
538583880
2050501840
2458874301
702086289
1916103173
1045778598
2863294316
1447363896
1324057312
1303187029
1891616269
2947142665
1521774447
2756703994
1328766312
2426274268
848759366
2531282138
1811579314
2906623002
663365941
2191280869
2562517354
1025823806
1162933772
1072030709
2753860221
2447616268
1130887682
2088214401
2157821955
2884192275
3024659987
2631513740
1778497151
797544699
822998838
1328996650
1756077568
2084073497
2364266546
2368610093
1487693091
321650248
1103510675
1516494851
1287484070
1237032360
1187465701
2353179787
3784348379
411299544
1056838839
1660176230
2472218691
1799683321
1991145985
1529456276
3204769052
466980922
2976687947
1932932842
1631953317
2655702130
2797521561
2429134472
1493808064
1248168098
2145742384
677722500
2073503471
3826065535
2044392651
3379021996
2703595358
1833033813
2722182271
2096642350
3124638231
3694035023
2699760310
3001530114
1462612086
2440887117
3150845913
1805792875
1143698655
1280799163
2255691484
1056453146
2034150307
1417318140
2734821093
1505421134
1181765849
931796251
3040908674
182255392
1972448841
3304859639
1471159086
3402172615
2261787320
2854441100
2091337480
2070318036
3202046995
3019551838
2114887148
2663324396
1883357914
2510520620
1507276246
2686483419
1241469334
2284422546
3421892602
2423438094
2955511981
1674045554
2195972050
1234101528
2599581812
605775797
3012402312
2865347349
1402191326
907669748
2233065970
1492637209
2152641817
2314209447
2730973246
2077509806
2184360762
1294363689
1753263997
2980356223
2313641808
2356922493
2147571873
3494026018
815524953
3021455857
3080662370
1244240997
2856056754
2824494257
1536896473
1987707899
428512696
2160972953
1429231532
1272062113
2150511610
3561305131
3457369416
1674713248
1715850637
2194245310
962146259
1710756293
2874576692
2668817739
2235622605
1101762735
2906109080
2942730054
618532335
2296553107
2231715638
3127450737
1957546359
2330451490
1547894512
2528458464
1146915824
3244087728
1162946704
2093402648
3202772888
2206826472
2423842296
1196075741
1868906234
1741196859
1798746991
2252872505
2837747866
1503527682
2636687141
1923746203
2212299750
1913497539
2468314879
852056057
3551844739
2738910072
2264303062
1989006232
1376147658
2096554506
1199814580
2329049623
3217487651
1497316961
346822253
1746789236
886252164
729857270
1576877871
2526816791
363579698
2052547191
2698051489
1233897166
614179217
2140639608
2517405872
2630532773
3326004739
1976145030
1320726401
2706609535
2967812135
2709683913
1215278750
1812109425
630369666
485039946
1863093923
2972893119
1711214509
2751860972
2527629832
2073684332
2280899235
2230428666
2917139691
2842158277
1859781238
144404196
2537881865
2158329323
825501014
2563031319
1912706830
848885426
2036685046
2125772391
2120440495
1304965434
904782639
3162740459
1929050599
1333628552
1067334632
1080122766
1988058307
2860104968
2657230997
861214776
1164652546
2233891393
2434120253
3594145672
1852072884
1973687418
2193922637
2119760469
1694944247
1113121557
1507927220
1493326328
2826823613
829946985
3070506497
3002591206
769504496
1400243820
1789102442
1635617152
1110039630
2159836575
1062999645
3081378149
2064331235
2026792604
2521472331
2431481337
2356817030
2448342688
655665458
2945808099
3133429141
1407750286
594303608
541953018
678290285
2897253721
1992481251
817321095
2188982903
1609771881
2201929027
1837925047
3725231998
1910408524
1696287290
2311525068
2403057087
1293327457
1058064702
1525585197
1922310943
2162572630
2552004731
2191410045
1398077499
698536211
2352036992
877504168
3180749258
999149964
3194878011
3608891150
1578303598
2469714651
507639569
2613267385
2380436492
2458858751
2902320724
1218218703
3627213057
1623693069
3070227411
2717797165
1633902638
1704880291
1579074572
2635583872
1088156531
620036443
2399645231
2673529028
302589294
1676695927
2083432592
2246996893
2628584876
2988219608
2114522196
531265731
1918811652
1712324533
2568621548
546085603
1995452357
1136875997
1468537237
1575394092
1984134199
1192666243
2242269424
2306473617
1135629036
1919605232
1732185509
1860069014
2228476720
3184201075
1649655913
2753327948
2948943283
2574520853
2775171896
2096001391
2317059228
2418220604
727291080
2188382343
1459183806
3204022830
1630283395
1698060991
3548454385
2442914871
1914368418
2661738561
1967370789
2777119877
1373765387
924908994
1729314658
2180268557
897693350
1135361506
3365895221
1131196852
2443746461
1399278774
1780884590
1356496566
1963907744
1941428883
2966869773
540913855
1896094438
3503581998
949736195
2464613428
2825509899
1535060963
3445579146
2199964519
2331857414
692730367
1856962157
1703998258
2702266758
1918380453
1402842601
2889105142
459578921
1677176745
3198227862
1333746928
3064912459
2427915376
1030313181
2533469881
1123181039
848923500
1714925875
1148158632
2549026403
2073497658
1430598620
2653372966
1349139743
1743356367
1129591535
2268625578
1506329304
2711340173
570264892
2192210740
1381261874
1057469731
1427678996
1151787229
1643367653
1925230250
1962173009
1169196198
2976044794
1847240165
893480215
1657578835
1596086634
2132935872
2789724977
2931898609
1458862798
2902185675
2543586919
3717079657
2423335299
1513966596
1093997486
1058608646
1545661149
3437730365
1189393355
2775541093
2944415262
2094476526
455301555
1189327155
2184541178
1513423239
3261191475
2148581271
370576465
3067392262
1340775404
2632855291
3545351288
1789189971
837221174
1128703858
3241608322
685024911
2075409100
951515628
1359005493
1082339834
2133691355
847723332
2411686681
2535467823
3106848803
1980330287
1607173767
1383125755
2093415895
1906745621
1904340517
2126490586
371342245
2511728812
2233490758
3554028819
1388502399
887854446
1299453318
1817461061
2232118914
3076070615
3036706209
2365292778
3014853966
669955297
77899835
1697955194
3656586572
2419092081
3257805550
1772809785
807283087
769132351
1652691866
2032702975
1666690891
972103835
3394441396
2553574214
1055958553
2470087302
2610880299
1813718644
3331787664
2450030997
3270828254
2881246166
2506580444
870021031
1168043776
2065816136
3238226383
2505029206
3773320697
2321308797
1898581574
633613353
3509216911
1930062450
2171473032
1941651044
1849013424
1386313626
1373232163
2512422285
3080589904
455591881
1867972918
3102734324
2313865220
2510926641
2128508573
1116179981
2112214402
722212817
2459168732
866174153
677316533
2795508165
1869783513
943451650
2945958819
2368753272
3202106332
2615483358
2352584878
3490742264
1625727198
2286582289
1798713860
864606283
2081279780
1928325960
2764002897
683475578
555877983
1587961338
2721113487
306758750
1926064014
1488511311
1354701399
1169954372
2666288648
2874499073
2021858930
2282152458
2582137411
2299630010
1681572566
2904711230
2685389168
2412659334
2739504842
2568770257
1654475274
1915186755
3283178079
1503062494
1665108928
2437359974
3292075739
2832312978
2322462279
1166801099
1874628428
1484150243
3303854862
1310665805
1234206400
1602238803
3131515897
1404131961
1245028989
1394235035
1163711529
3634763880
570328957
2038932770
2109208294
1346862124
3674083138
2235066708
2256206993
1648087687
1779847998
1971614767
2570254400
1894762057
1483543543
2199416397
2389101449
1048656090
1952740564
2928743468
2826016056
3239248238
3408871698
842375375
2162262238
1803602213
1916802147
2426967727
1030393579
1266335031
2799747829
2820109937
2504617319
1254343374
1608437967
1649162404
3063388916
3211020391
1976194371
2326754188
2217635623
2313277213
1394297423
2600026529
2617381648
3252544183
2292650959
2636322374
1087759921
1858883120
2359195327
3079366410
1306021832
2310401088
2563014048
1718117039
3042259107
2544949716
965264109
2461905533
2497904209
1259275704
2342466373
2267162503
1093189410
2430740406
2569233578
1524239575
3406546996
1185967564
1682001974
1950210142
1389393720
1427349572
2470298068
1325691723
2232984125
2655405277
2456601410
1741083450
2811231143
1744987220
2115315149
3014370991
967455220
3167599332
3592021676
2399806813
1723550941
3371045912
936002841
1900316546
1754835466
2685590397
3316568625
1191247635
1001972676
334571498
2604479633
2267116153
3136681804
2744895486
1862665450
1633413847
2122848932
2044345597
2257866290
1851253006
3074968958
1610433647
1824156560
2331817157
1253971329
1406927939
2225998630
1281379263
1940965056
2130656040
2890246515
1538677645
805236675
786022237
1487275436
2220858410
2076774529
2888712122
2789614018
2939319221
2341668194
3289721138
1436016541
3456303274
612825912
2339701055
2738611887
2403857069
1454378938
1244738737
753382665
1812943159
1683957888
674051673
2533774114
3135395109
2047623840
1697242651
3318356879
3585059683
1478113777
535014724
793397696
2304001611
1477571667
2227909892
3349908734
2248454382
3016272601
717108881
2113094600
1833737436
1374779404
1956702971
1586942809
2129954867
2495708162
1810783134
1352768640
1807523159
3141486012
1133935708
2145325426
2773809354
752140257
1168585808
2045990293
