3258652797
2266876270
1971169697
2754131208
2679486590
1700519225
968098957
2118179773
1399369030
1556426649
1868666463
3349079551
897806785
838769733
2581855789
2833111143
2643529899
1043545380
263782796
2663644037
2041038996
2101177362
1795633804
3176592722
2290899890
2969931170
2421687021
2964776723
1451629259
3519716532
3425986476
2243506527
2394076494
2786847925
1492230917
3403332892
1769547321
2150697295
317393691
2985649282
1192185409
2208647350
3823362588
1088940093
626884998
2066050065
2663173182
2985332789
2348582891
1018975941
2758527485
2472077883
1125161718
234947830
2354586859
1760470064
1005563517
2340422011
3086270288
1468503194
2539077857
1905928315
2409574125
1472684963
1743338118
2204449443
341873703
2695204672
1582954701
1061293214
2760758947
1307728070
1795036670
1175142360
3670651228
993627656
2233641795
3221745289
1030749507
3079351736
2123954159
894272712
1779123457
3318014532
2528485708
2711722458
1817238705
3443499354
3276198925
1863034101
2250817026
738615741
3137103844
2353130243
1329210416
1075382316
1573017795
2494332062
868920893
2116697885
2350221226
2555803413
2895413126
2099811652
1704580480
3374267292
1240066169
1117469369
3129142521
1846031708
551422572
3553624933
1686292673
2054371195
3491449288
309185868
1453924577
1810501115
915578592
1643048150
869510536
2636296110
1555900269
895512094
2091945991
2506171000
3301570631
2313367230
1719049645
3184329069
3223710205
2322694354
2324409375
1671721389
2586396209
1503893911
2501772021
2168283128
1495219145
516966804
2280117983
1676057652
500986327
2262436390
1975296631
3319073705
2773501713
2453073479
2772727693
922596791
1976291052
1372793034
1798300737
1068681705
3107242696
1860265638
1460891548
2867079420
1609369176
3291101876
872232367
1432564943
2490309516
2066071316
1953722702
2753142393
2360375348
1724889340
2213827871
3619868077
2597699988
2500874374
3494473255
2609917174
2443104711
2710141994
2042743975
1701463171
705356007
1206406311
2353604332
3387008314
1077630939
762601077
2086704469
2326983805
3284657446
1083155643
2120302967
343286355
2207431702
1809662008
1232031257
1526794899
979043379
2144387749
1299215738
3538328887
447310689
974547570
2038627671
3945957061
2375580287
1075259368
2491052382
1377339267
2819179659
2157050328
3219475419
2075575972
1250334931
2738439580
143282647
888030734
1937309617
1587120434
1013522492
3133003086
2057573550
1900131337
1702098434
3199828654
1730647100
332045635
2153322171
2150679849
783104696
2161559652
2510752683
2582890428
253886714
3033675720
2343826680
2399310033
2502182545
2950764202
736244710
1868328709
1851688092
2347280172
2737718344
3637043826
821939450
3267599553
969948842
3029658393
1887101664
1459391382
2023376975
1443322707
3709152084
2594898043
1451600406
1206478808
3107981862
1977475534
1647400751
1700699113
2017496097
2109072806
3091087164
2522674856
2132665116
1273257827
647984033
1882083177
1211617110
1408601058
2502430096
2819098708
3302088489
2191163149
1592987259
1412677414
1208061667
2433586763
1778686345
3179403189
3577839162
3100037050
3392331261
1304541600
3271158643
555691756
863246807
2331232082
2249061364
1616167778
721890498
2640140295
2267534821
2218511964
1994496373
895900805
2327039187
3312700941
2353502235
1909885020
3126482643
3010022404
2811476901
2060105407
1018001647
1908675689
717526694
2238040726
1315309570
2117074188
3120562509
2176044161
1786649734
1694906971
1609249689
2466434671
613488009
3600873131
1905480217
1878353431
2606663854
1641147466
2318070940
2358756107
1440477075
2010514457
1218589194
2786044465
1648984153
2202210295
2061922189
1273237246
2615115227
3000918430
2683437492
3381276098
1616029051
2143355831
518151223
1206595230
2022450109
1530907371
1480745330
2009799442
1818822172
534371515
672928681
3928699235
2056468168
1819135580
2079183157
558085109
2208948863
3003497791
3475860354
76273389
1546770739
1962206487
2202096972
1342164952
1318848422
1214999095
1054281603
1955570527
2091290871
2934654153
1350134135
3291118534
2623687331
1035233343
1552471910
1073037335
3093374278
3136908486
872354722
1962409403
2304015599
2162361081
1956562144
2787369687
1242235946
3490047958
2231088517
1984411290
1683246323
2518154130
2929659064
2220561591
2322372126
805022186
1906559362
2354093624
1947123937
2509795482
1131762330
2616021058
3184968367
942114575
2911627347
1806228440
2764910037
1527498067
2976863691
1952526841
1321846642
3408794204
1848925216
959861551
1722546408
1613531519
1982499620
1963181693
1443382538
2467270273
1125354463
1033885880
2877746090
2192340019
2211303866
1382776829
2488963545
1230403997
2481237417
2333390817
2702549613
2725646883
1984193879
2552907720
814069208
2216964249
738082026
3522624962
991697507
776538211
2113445032
2388104948
1426499384
2829117103
2008678803
3223825991
2552759928
2488584018
2982817945
2174651601
2254597074
1302494518
2526522863
1643447775
2271777015
3200136237
2033306284
1731940270
2837826957
2240573676
1852085284
1095457932
653326627
2097350310
1894311584
2062103881
1160560741
3232384164
1461569332
2340009987
1115124900
2291759782
2690171129
777359160
1926619185
3092303608
2754693563
1363811232
1892802549
560472159
2116187434
1967574548
1583816938
142041391
2923522793
3376004463
906864300
2196353748
1727120170
2917417132
2662064139
3029388283
2406362699
2725404033
751486982
1963494930
3808508458
1302579917
1453510394
2477525440
2406200834
2148851864
1005626045
875444443
1019705717
2369001223
1815377488
2887364060
2368296485
1638425253
3297461724
1809807000
1795138435
720089411
1438217394
1968264480
2867645764
1957507833
2518838498
2396594505
3807842801
1162062308
2954661544
839462786
1368774928
2207838228
632781238
2087373931
2170528537
2788304382
2785783149
138407609
2903448111
1337886118
546079087
193193022
3108214904
2381509580
1916507122
1366244558
980685028
1037432614
2914677611
1367830724
1637668441
772834430
652387478
358947871
2428672214
1716891015
1529433155
1271902207
1086773216
915835573
2595822690
1415472254
1242065515
2823077337
345366589
3759022798
3677344714
2861176696
1161849187
2096957524
2437904093
3063715148
2297671261
2106630800
3577119556
726555090
945715757
2807158848
770783342
2744033525
3090190364
1403915850
2740122385
472119071
3363340383
1820225511
2352392936
1360677588
775098092
3396375979
2029906795
2760610592
1577092684
3536455953
1522232187
2658505665
2764931936
2234310484
1893782133
2534044397
924589615
1552323192
463657917
3019649546
1746456035
1923712801
2100771971
2054921722
2916632896
1257874256
2595030600
1864048940
745421982
3155858950
263018100
1605355026
1790351502
783823307
1070873676
3299526929
844737118
1773735582
1095069555
2245199838
2494740174
1066587771
2076777393
1777962829
348589364
1831056462
2419909883
1042619509
2503883761
2855153746
3349074577
3182234194
3528695733
1360531410
1924810723
592904843
2581763137
907399854
3565510846
1713706009
1248370300
2455803330
2657838095
679029424
2252935731
1451999949
914954557
650733186
448206863
2152587256
1496528946
1627620934
317127046
3182949871
1903511532
2966371486
635693066
861182935
1780585608
2308234945
723307889
473572633
1521309472
3018977243
2603571835
857860844
2932818210
1822061951
1559082863
1112677172
2917633053
3450349143
3107546002
1796084397
2297128221
2335690555
1393519576
2181273980
2247933210
2345288703
1560428897
1078754578
203886956
1894920784
1958006422
3256031600
3769474572
1192822716
2714097334
1741958584
1030775565
1096898472
1370895066
2749819635
2270446330
2191534313
3101704486
2982053500
2329903259
2620783390
2449971509
1846734613
1008728940
1436406100
1074795876
1822603479
2262651032
2840710177
3839292256
2795766317
858088954
1575748305
2246339492
2543958116
1852458758
1781146881
1703211073
1699860116
1941878276
1929912295
1999412266
2908081675
426184527
2659387360
1339908418
1612025770
1479545448
1675784724
1286726605
745582323
3108876166
1558956523
1357601839
1868359518
2665857156
2093616670
1455184571
964076737
2170313674
1995326496
1400199521
2357692455
2122713673
3236662745
3615892183
2363356960
230003331
675967445
3119524210
3417576344
1562111172
1391407172
2482257108
2135293406
2189304778
1218287083
199563934
2258936546
3098662527
3702006791
1145972990
684470247
1638577947
1995411426
1684992760
3239753172
2140146390
3202559415
2687054026
1722525003
1929536447
2631550195
1288469980
2120269714
622799872
2466151196
1739361331
2872726592
1669473194
1569622144
3388551388
3019992504
933419158
1279836337
1057730835
1615331564
1969460656
2181266416
2154378130
2543313837
1404663065
3249369071
2218183858
1556734932
2881256880
2559210426
1912375933
899473310
1309921004
1640061298
1370759876
3327207850
1638258007
1694923313
3377115556
1728326528
3627532749
2428893290
2320375893
1772222012
1452517720
1723224629
438414217
2978563530
1558338537
2153975862
3400274057
2628459473
1951609397
2583717436
1630753893
2628695356
2722682893
2134990662
2359444494
1442552662
1650191357
2479229399
2835823920
2915605512
1234700993
3258446567
2839470324
2762642329
2197622245
1677330378
1597090827
3016326190
1257889574
3740280040
2987094413
1277914658
1879253992
2919793947
1727160259
521143045
1778289971
3543275857
2353623544
2379610024
2556554469
2587925128
2930487845
2094112075
2939721604
2368700334
1419568230
2128138544
1979072534
2296833024
2092107523
2155622373
3691895181
1807407593
2369355232
908770003
1573216172
1959507678
1161187748
1515864721
3330055343
2521693110
2876372609
718676325
2227219346
2152592940
1828084272
3344258507
1889837610
1836098983
643710236
3513007407
789246099
2410650160
972650681
3414180925
924242255
1651315923
645884914
1479206678
1943135885
2240473906
3083817072
1633878674
2428928862
856148819
1823745282
1326397987
2956661576
410323969
2573110314
1759612750
3013801930
2636959052
3520231622
2254408838
2316079593
1633231040
1067105324
1812853333
1215809316
519615797
3636464062
3069772815
2053757158
1010277135
2396856460
644425164
3206025708
1577950869
983225302
3231731712
2501039645
2857365117
1866108122
2698729096
2123933934
1960184175
2238065078
1973211480
3074767151
2598226090
3173080760
2134393257
1375806242
2376190344
1281132471
1383248638
1507441248
1531645651
1323616987
3054256424
1413859742
875925580
2080863795
2015665928
2679377013
2325615724
1592509617
3071166838
2378251472
1287850314
2492359978
3054026631
2809500424
2807891740
2652255539
3942405658
2790659685
1271013925
1752569966
1950106885
2537750532
2651476387
2323740217
1664632691
705257568
2635335458
1885401427
1204953613
1582332993
2252644319
3122064363
2327483298
2593586406
2106856494
1823353999
3555646121
995691941
2457766701
2503913499
2324197109
791408926
3055139107
818549027
1813993960
2034165090
2507685633
1884575793
1864491236
2093056952
1593095743
3373364946
3032652101
2044577202
2848671368
1672491304
2865789206
1407596867
1223910104
1819385923
2213561088
2226076189
2363257726
765125850
1985423509
2531586492
2377964853
3831753632
2700317848
2209841917
2821204116
1898322245
2071785501
2071497025
3010816703
1797580206
2799740439
1255740427
1041586892
625474308
2004661537
1766817716
3831961771
956829394
2208129102
3344483519
2761384488
1778577902
2065376006
1682510470
1971691386
495432005
1207004738
869494596
2821265220
1546463029
1159204070
3569126722
597288127
2380978082
2085853065
2181966588
617554318
2523026861
1829058857
818156784
1565270137
2336140366
1003969546
1474472340
2084961880
1614365882
1347971960
1348867137
2533355738
2749091179
1043767082
2788384273
2088521354
1950183437
1618202671
1935689208
2600334250
2942031348
1778337926
2982772309
1822430944
1912647227
1609973760
1452126680
2878966397
527154983
3470298228
1705955209
1972290454
1585186948
290703402
3744157307
2472691147
1178140844
1778099355
3574709088
2813821517
2458487949
1099073471
1807196062
1746145251
3931635426
1531235720
1214560200
2885372553
3414940470
1698636920
3207052087
2283710511
3424899275
2319785168
1922480085
1925521231
1851498622
1608340907
1963448648
1725003746
2578109437
908595480
1830826676
3342583210
2649150492
1472013454
1879715246
2740227991
3246971310
1718947730
2243262841
122229088
1754466122
3132974441
2824020293
1395671977
3764226578
2136154458
1284971631
1209333770
1047928982
2312473580
2260264056
1884483342
1692066889
979586610
1781715346
1220126081
3110934496
1803512099
1530522076
753398485
1948312773
1846253207
1528122065
850500170
2754516431
2176490314
2255113188
2821026089
1970208488
2470869617
2891046901
1309185076
2244330005
343783014
2864832275
2919851795
423258705
2294219865
2666349239
2420483517
2069685815
3014516022
1264369304
554766059
2374766170
1016426421
632230035
767444071
224737964
3342824479
2008254368
596778877
3750326817
1879443324
1747580627
1249548217
2604387086
1919795450
1747385371
3273488147
1923466736
1060996419
1669991597
3111494216
1405576258
2183845432
1255974977
1532913253
2992329852
2358282092
1203691646
2179270325
2130234327
1811835098
1850611012
1768477908
2095331102
2548934410
495812469
2718053665
1105983410
1478271481
3368273682
1676400742
1460131574
2504483121
2931830533
2078363144
2325990372
2181351496
2356374799
2686669605
1633414747
3501579840
277984580
2731629827
1549200470
902422182
659686988
433482963
1563104921
2067060152
576895695
1995804420
1774616619
2371896164
2795281151
1796609100
3468713974
2412980760
2002595910
919143507
3044018553
1971907807
1683906400
2664674393
2105925779
2373166168
1940591437
3137387263
1510414912
2112426045
569034231
2482992108
1799058158
1778921525
2850600569
2106965987
1719709833
3311899892
2381207748
1220668866
3036754640
2314553247
2534851041
1784815945
1673780229
1412129931
2216293148
590172245
2414482760
2223841733
2178918018
2247396109
1388032970
2470458059
1894586716
2635939445
1018270737
2382492271
2013318293
2131251427
3741704408
2613388891
2709228886
2068286988
2117365680
1880964430
1265756617
1584258067
2997584169
955191201
2632132780
3623577856
2488207537
2545266934
2155797641
672463094
3455520120
1923858202
2013345002
1235245261
2621907560
2795435606
2528272188
1842315665
2976508891
1280464736
2662649211
1566235113
3779979929
282901988
2019081781
2751551470
1602694601
3167357528
1558030384
3808527005
1477123356
669117551
941799607
1381924247
2852781770
2336714199
298734953
3094103634
2737441222
1917058418
2451006819
1416997073
3296589796
3594816176
1188954502
662804263
2336033298
2800282341
2529433793
2559506197
1506202645
971856817
2142819041
2470801744
1887679657
1223902985
1188310294
2970511128
1769193039
2027189057
2198885630
1071127928
3119697525
2267945946
1859735167
2344285002
871662550
1833509315
2044217519
2005685988
2675759798
2957388902
1783149484
2991892590
705640690
2060166884
2894104223
3560383935
568341679
541441089
2213091109
1784275504
2710075504
2203382059
624175765
3035611098
1505090933
1977023432
1959631677
2516024416
1371788943
2932708450
2978758310
2116826676
538059248
861550995
1734043128
2408986261
1595283669
1463708616
1553851482
2157251429
1729229263
3454594112
1420375984
2534586443
2235246522
1914691286
2175040444
1395917176
2889893372
2000928577
1605621051
1428463388
2695784311
2254489241
1752841045
2401302985
1993975974
482915501
1663325192
1806855516
1547292549
324716049
1238192813
2097513095
3489879847
1826036228
3266283760
3495144652
1855422507
1261765973
2650355427
1349713498
1552745462
2755048413
855667042
1417525387
2267239200
2334575168
2013007555
1031061080
2060421997
833518183
1863131561
3357707220
1910007703
1450550797
2633864107
1823960789
3725927563
3218360859
2053238548
835138247
1991028809
1051363791
768141894
1619792456
979773537
1473980966
2129492670
1298037034
3097407411
1767212936
944908729
1526662187
2311707116
1754811378
1117412213
2672239500
1431455950
2207672011
3030774697
1311991998
2788257696
2573616529
1117018432
2665591319
1503524046
1862332004
2878817429
2278729511
2197415320
636316977
2476969483
3538229929
3283939831
1090464529
589661599
1509661743
3055040918
2109139196
2308922814
2106696909
1661815519
3573279394
836701167
1731058250
2736630566
2044523164
2749153260
2308514445
677325001
2976642895
2281602735
1175486563
1003704110
1833276894
1095167237
1449021878
3041327545
1298738747
1403122979
2496969937
778614939
2671737878
1310586067
1424950783
1084082627
1992154767
3714257548
2474391932
2105046667
2198951235
1728986868
1977205035
691081277
2299298330
821337432
1710990720
685892612
2124568812
1298704753
2469685851
2451113613
2719162367
965954206
1950531953
960291764
3556115083
2436051670
1447674020
1012703584
2537321639
2399938080
1837735156
1997328248
2960930615
3344336949
3214501896
3274637733
2583728779
2451383146
1309023025
1527555974
1646487134
2948619591
1886663976
1083694772
1309437696
2782157632
789652869
1680365645
1781359235
2176980131
2516519921
1834206811
2547064848
861627958
2073712545
1352711935
1740591360
3206504448
498150415
2879976337
691061190
1981134173
174265833
641517821
2781865141
1836270250
3157787882
2493545443
2136367496
1280702315
1932597271
1515758836
404539696
2448907299
2973871088
2024683101
3654899994
2241420270
2119815258
3322625879
2155434379
1964366849
3314456893
3388697940
2072701566
3009651097
2503494047
2807698057
3282377872
2952634344
2047109092
1205685693
3381160903
2124152057
301061471
2225835446
2163012846
546765469
1098170876
3191650264
2677409888
1014360738
2046156580
2555740419
3699810199
2265086082
3847681004
1001359556
3222560694
1059527231
909059558
2776933360
2819335916
2157600694
2195546606
688073551
3582435114
3088427081
1610947965
1806488251
3520000201
1699055814
1685062573
3599205788
2484165245
2091334309
2427293434
2118451263
1603933865
568104029
1620000189
2559821173
2351805661
1406701148
1456168087
2394540787
1810589535
2765922637
2688904768
2700334536
1224550781
1510369709
976571129
2179587652
2706965685
1505234634
1306964608
2085013924
2870367429
2679505071
1185966354
632119569
2717817860
2119625555
2364479003
509854544
2255627623
1555763161
1027990941
3021782453
2240814233
2066986712
2609689008
1354229746
2073747827
2171240263
2913729167
459895974
1628204226
1261778058
109522308
2322084197
2554293920
1297032964
2427955545
2599962609
3896091896
1187416397
711974617
2074883554
1656695616
1484306258
1618111129
3313676699
1423970063
1381639707
2002264736
1965721953
1083905677
2261865912
3223913629
2271458426
2456233971
1246117783
943333668
2251397642
2863298734
3598527985
2437932923
2468232457
1096583878
1652058666
2439176347
1504670679
2217758968
1499777494
2656696648
1934768733
2408161938
1933694854
2815971375
1127105357
2005072511
1711818246
2442925251
1513186695
1395929082
1240341005
3524747963
2936396825
357928885
2569047902
2672324898
2089533118
1914868705
1411651856
3108239734
2919277687
2153341124
2936136103
1206675232
1303468520
2591148194
3239576349
2166245243
1884987511
2853925409
1842718005
858603327
1174100959
521571074
2937066803
1410068611
2485673946
1040814861
1543685063
1732861001
3376205681
2311722706
1886670104
2047551924
1007792479
2138314892
1646393249
2335265375
1271236291
2450441017
1590442497
431160322
1735368791
509980684
2018124741
3663056055
2573790392
1867003174
737992028
2031630310
1785338491
1570871370
2318580043
1073256593
2937454517
900544131
2738429170
3404317357
1880663257
1761239449
3535491279
1070426086
826880164
2981619520
642882631
2019775301
2160789459
2292432436
924318717
1119491099
2257060744
2882074638
1114759890
1774046138
2713779802
2130077858
1540673327
3360280118
1002843432
1379534357
1980817523
1040289876
2926858401
437610709
3044343280
954940357
1632998158
3483562877
2276360357
2862530785
900787976
105211446
1795279678
965086872
1045134574
1150123767
1879384997
1954117799
108681601
1842708536
1501584537
2647315640
918549786
2464952990
1312922811
1228287248
850374001
2443155498
2309898329
2282571891
3417207029
2718454127
2998293177
2744298810
3385968710
3076516051
1833329253
2203199515
3724518742
537722015
403412881
3263751205
3103767441
3643074108
474379962
2742169022
1131840479
1376499712
1086361573
2045354718
2477783909
878259376
1165787575
1776464328
2067935293
186020606
2518114915
1739692316
2301182098
3262981834
1425441808
287774188
1398543193
2406770987
1657185475
1846070631
546796506
2866402489
2356431180
2146186361
2249781866
3469275936
1692782716
482706913
1827367060
2180072344
1001336587
3208325346
923744874
2292665713
2318477463
2445261435
1877555011
2048043699
1154334268
2997219957
3516908495
3144291733
1776299861
2032951314
527829749
3195714164
1521215898
1251465559
2977892367
1178204335
1815787498
667239606
1715583402
1842460525
1705708142
3108369192
2675874875
1741830722
1931102267
910059386
1354021249
1298559774
2165792674
2042798646
1921023192
1649465952
1635958857
2622999137
3257655104
3158739387
2133821639
2551145496
3432215546
2093914238
1917678264
2059402615
2334090263
3159208630
825804955
828090924
2765972671
963503869
1643385115
1848763550
2032942932
1750115058
1493184119
774377714
2416597375
1244234112
1745337035
864454121
2094051499
1566354282
2392512169
1459465542
594598462
1464366333
1225714871
1799614982
1996327136
2412687725
892518189
1593157801
3354238262
1991017586
3831328433
2078591072
468296191
2865242771
3090146085
1987884567
2487095269
2327785965
2412748922
1471105454
1396546352
1942279153
3434886450
2114746674
1459268463
3049494285
3159166062
3144720703
2277313455
3009623784
1122050804
2343063171
2359443901
1659195549
1997636049
2984658266
3250135572
2847617395
2259418184
610540523
1219450236
1337333645
2804318516
1390063944
878610264
1659909057
1209383687
862270708
2439659998
1059355029
1236762602
1067637946
1320258810
3274443170
1936241221
1169210486
1166771386
3478575227
1923575732
860657491
758155172
2544749739
3074725014
2060412573
2974347249
3265530045
3081316589
2545858943
3089365481
2181358123
1549383143
2628015030
2030223424
2900945614
2334576135
549494516
1314897300
1766034718
2562978153
1254897165
3422468168
2597891732
485593319
1630372116
2870797841
1959382866
2387942118
2266009978
1483026828
1545390770
1315840117
2856233687
2375618089
3464845496
1571743270
2034560827
2799075838
2292739494
2267474379
2095934775
3093940368
983009667
2835064424
2135431745
2922203646
1452557276
3422735502
1177878917
3696454195
2720055129
3464198260
2879072349
2084835469
2036456075
3377622845
936449128
2044834554
779206943
658625126
2308405481
203637997
1885754259
1688249537
998705447
2965726858
2002036141
3191757039
1398937474
1694465830
3365565420
1305842255
2347276575
404341357
2659839083
1677759819
2662133593
950350774
1689169416
1794904987
3189185488
1889321616
2234079771
1208277466
1869399874
1460374543
2660495593
1695455602
2774141762
2359808147
3413044973
1521285762
1550302918
2609403002
3100960363
1681437757
1999087449
1565742432
2298978615
727005047
2291536531
1946609095
1230084623
2758969246
258231074
3322405411
1463259240
2740167304
1947674866
410805514
3689512589
2807561927
1562166667
3178534025
2039426760
256497213
840920445
2948211860
2451676135
2716423005
1558421073
1025590982
1264007054
470931881
1223980580
2223738477
2764909941
3000505604
1291509314
1756248104
2517083857
2154617112
2213064098
1773983343
2133253860
558578229
687211498
1847491329
1996671052
2066455257
3542878864
1596824104
3007059019
509935915
961470916
1967111410
1282159833
105588210
2723910231
1396747485
1570617429
3138799841
2249570690
2100216587
3658347943
595939372
3232180156
1509411077
1654722356
1449397098
2755943785
1989983919
3318072026
881362513
2338189574
2213029429
2493110374
2919808897
692204667
1750274861
1489323361
1918330758
2620618775
2788285114
2779224233
2961183867
1917249286
1971621061
2959744190
2269139662
962277349
2140212018
563786996
2545579362
959541927
2619232540
1530125295
3029800868
3156807591
3032046945
2717178314
1752526817
2007140762
2141797786
2480513817
2521584811
664222988
2074117776
1632269475
2326071400
2052317064
2379539589
412322488
1041511556
2729848966
723745440
1010678089
2097482539
252508400
2578877717
1461809055
494912667
1853622199
1258122987
2959540754
2195821139
776994386
2751010942
2446815288
1813051680
1416303955
1784320284
642611472
1765816127
1815450936
485141301
2266826687
1430132256
2117790627
708541312
2664179351
2515696262
1929161630
3210963938
1089297890
1648145439
980613217
1380919283
724041841
632255696
2492069662
380184330
2264267967
2182150358
2861722771
2729214546
1704321946
2924436279
2355882660
1419069453
2340215555
1887923990
1426905753
2998721665
1022487673
1710214664
548232802
2506129189
3069716000
1523572524
2896646702
799333200
705889612
1554723392
2435542256
2059372243
1971954769
2955696901
1528783411
1730826545
574522130
944270232
2950488007
2480282112
1619533282
1261117123
3112434929
1796590234
3588164864
2178334369
2374752442
1729136067
1512797408
1965157711
1861898114
1446810888
2106655406
1706450882
2343587455
2491607845
1887394673
2432743926
1876432465
1811414149
2273419889
2593817316
2198039161
2363137758
1522472224
2885067042
2841712062
183824162
2465219816
1573778486
1746746206
908833135
1042011914
2644958025
1856541062
3470629111
2184288411
1967949553
3104967964
1848077545
1674124556
1433930648
2793642811
2340973437
1347936325
1486654018
2815040760
1611496069
2068741487
1686626285
2795218616
1933888726
3272980665
2667363581
2605676597
2851636404
799263202
1800636499
1397420506
2290944055
1818588604
2585474305
2610822510
1798722602
2092259637
1398139681
2102873880
1934599077
1298377732
1339040364
1173975318
2836297952
2305164754
3178320277
670323425
1685268894
1948536117
2250959196
2091802328
2071983945
2308541511
2276048115
2414671509
2447364214
229562731
3135435105
1207767417
2204402246
1627469006
1695016928
2693568462
2027544349
3107864544
1568427041
2697301152
353910675
1577247413
2239636492
1733981333
3224182070
2155928223
2731043742
2251211558
2023078705
1292667911
482943933
788425014
1300108870
756738505
3188766125
2976246224
918807333
3492001630
1048621976
1447273283
2120412917
3047895805
2988379905
635146390
1257556209
2132212054
2979265526
1517999296
1182268637
1663068839
2193204846
3117818511
2705496681
2527024915
2300769786
3201852151
3320405080
810295256
2122506157
1580957874
1980193808
3269845216
1301042724
1853133547
1743689923
1582721775
1690277610
2278779740
667995624
2560764987
2700642556
1311452485
3351180134
2359161922
2972448029
2010750203
2018107304
2304812737
1608467592
1597037089
2188154524
1931126541
1720295448
2251302202
2421546636
2914336673
1429392486
1529683308
2418318595
1802014961
2840160015
3051386482
2413760854
1931119057
973901576
2372499277
2554547638
762777760
1285996594
1638032021
1174220035
1554434588
2535971375
2747576593
1941973938
2147863949
1491510604
2276747639
1886902562
1914749737
2353840762
2197885272
2256033003
2276065456
1736049418
2190523073
3328963215
881053744
833359864
1768908158
2888329108
2361921021
2584214459
1862108314
683703733
3120693921
1730326350
3373028159
1595439002
2542057036
610375732
517447301
2991057499
2352617650
1167250258
1848430508
3090010976
2517924279
3166627148
1510564520
1092546873
2553232707
1772615477
1027487540
1346385799
981624910
1108786328
3157534097
1197482966
2601060658
1989785349
3583952818
2449361288
1996466835
1687282786
2522879269
2484090489
1962996833
2346049576
2976624146
1987504025
2029087235
3345158289
2362611930
2297428389
1878322288
918046150
2118464239
866669643
2333030827
1703270362
1415279703
2674611664
2697886415
2565720074
3146036472
2931520068
3500381723
2283707827
2090936621
400624524
1004494465
3043717501
1690989870
1871144520
2837648323
1516015895
667892028
2097867090
2006776816
2182427313
2762597152
3143280302
2183815055
3023753508
1339990920
804946436
3323035531
1817478202
2509875715
1854522521
2072312489
3509157476
2904621131
1908253919
1815502049
3732062431
1319323249
2121732741
2572230423
1433094782
2248819421
3502621910
1737363705
1159791710
1813658220
2931815801
2479707975
3861100249
1759402314
1812252327
2749427169
2259387340
1732978371
2836587718
2779590753
3067790631
3073119417
1243324658
2224288618
1431543716
2406540025
1776226514
2893984138
2697510970
2279393311
3435765130
2122681364
2078512570
2184164083
856081900
2619234863
580937913
1882608642
1534455759
3677477283
2669203092
2772958982
949974032
3402693542
1967792936
2084391459
1607770916
608164928
2683075003
1008600109
1527030307
2005612617
1690199610
2733721866
3077445504
2660858459
2114223236
2609776711
1905548062
2646941703
2038853702
2004640970
1098886251
1477113091
2218347934
1031140027
2723983427
1520576725
2714959699
2742277933
2031928751
1780343613
1561218129
2936043894
1447222511
646066676
2012203199
926030520
3789863565
1808712417
2707777373
1336539000
3746170209
1560295210
982161504
2652415993
2695583069
3438954783
1880836642
2954807098
2769734310
1584438946
1626148707
2377260722
1711578081
2982953427
2003738759
1755645218
3676211373
1630662720
2206320632
1324652231
2433569237
2359643692
1385864209
1948482075
2771625562
1349350762
857501028
2407659550
3227694893
168924748
2847782912
2251780288
1269419534
2403723321
2036157961
1095597020
2748126705
1951480747
725981001
1658602506
1838333151
2772515047
2102617866
1329368662
2199539614
1953029677
563259175
1191267223
2378278560
2466392660
1410224222
1708132080
1311336910
1861326770
3466799339
3455681561
1903294072
1664417488
2709934378
3321702547
2678233210
1893217769
2467166611
2204138929
1209651868
1135515930
560259096
3526400574
2251372654
1972948950
1931207459
1693969813
2909739871
1394399331
1440778322
1276846209
2504468622
2296391912
3081070485
1908867030
1000918162
1529189531
2567044643
2306513813
2471463486
2498352208
1208966014
2217775743
2405090926
2548242875
1538384109
3190760016
2388031350
1680341274
3025443774
2200874455
3520383744
2085389299
2041692588
622465828
3230601594
1451891750
566990696
1425874057
2104471809
3041391301
959508679
2375474182
2305872145
2848427788
1379425014
3187082561
3683147129
2459197598
1193159749
517969444
3460853749
1979990320
1747021024
2152115504
1985761212
1496981228
311722391
1341109590
1392677472
3101570225
1199124081
1024210024
2759936161
1560744996
2054210838
1667838946
2238076190
3924411379
2687195171
2126954428
926421207
3373171810
1008104945
2231761913
3097709909
1471719679
3063892302
1880072661
2060736922
1471830275
1386965240
2565529590
1848140766
1268623363
1007613934
889098461
2530834336
1887503993
1600111196
898950387
1086977732
1972747335
1214933234
2727998015
1527560490
2144744719
2975959527
2442358684
2337088749
2179214233
2468422941
1991397772
2326671791
995527409
1892517642
1415136047
1351937295
2290026817
993689621
909001382
1245069693
2152952707
2220512602
820970925
2195283606
2934734663
2631225466
597312500
2317100115
3151615910
1269121231
1545365512
1796355361
1310890127
2347201569
2505365155
1794140804
2577007673
2017697086
2074834738
3205040193
1817257266
2172796233
1482461712
2251881374
2702073325
649871695
3541040529
2342178988
1804594757
2480956752
2930190175
2530543237
3203032647
1527240377
2041084780
2589877074
1077241038
1286242751
3149301537
2193718656
2938944980
3037021261
1901163235
2034657238
2088228151
1996117636
2273830079
2454769762
1631324316
1742643072
1619594159
1326132746
2801965019
3300270751
2969233096
3208353109
1469406622
479403632
3094943646
2765066491
730812251
1184467113
1688736545
2336955680
3126243744
2014955649
728498466
2010187432
3138805100
2846631957
1999327932
1457761329
917617953
2355526457
1620724506
598240678
1621471444
1788014538
1120012331
1404029818
2105328890
1585261263
1460413419
2293142582
1950728389
1925119407
616045559
2715918984
2278015979
1793863256
3288187177
1695503563
1627742505
2514464416
997110863
3866739716
3276869759
1606399372
2491791573
2425194194
2293558117
1926972036
1521761062
2201573132
1557427774
881915830
2521461144
1124221341
3033704530
3070292817
3630758282
2548069120
3498375942
2319548036
1957086610
605484547
538985672
573420367
3476804756
2340812910
1049187488
1505734595
1323258027
2350751041
1166747181
1928791603
2784302347
3646631277
1970942190
2380131517
2235619022
3062662912
962179792
1049521992
624057856
3397973401
1601511483
1388350181
2319004440
1620451956
1921191234
1465054180
2326843722
2093979754
2117336049
1640431012
3677991619
3202464933
2627205007
1434968597
2076553408
3444821186
2003920226
1680038466
1798877671
2027922439
3527298108
2028288957
2761613698
2909613738
1732492648
1877829579
2177523980
2876296941
1945776781
2557260627
3307228339
826480226
1135618230
1482513365
3384492680
130237792
2301108201
1355629910
1435066982
2849150499
2902721157
1761746340
2210361370
2164212947
2683503900
2304798170
1890201066
2410724331
2618589401
2566730009
1398318445
1571168585
2100525691
2634588916
1544855071
2159477353
1826694934
2298781153
1449628719
853045484
2845682650
2032437168
1789321395
3480815786
2356527426
2679729862
1717963463
1436388209
2758633804
1471224407
1598620325
3101673624
2118678434
2410156001
2237994983
2651086870
2046970461
2766789630
1323692378
1814475749
1696208233
2851121933
851183973
636042869
805968597
676770761
1266614761
977893601
2287396269
3688122673
699328104
1016843165
778532306
3152957033
2524847981
2827107790
993871992
2521453579
2063056293
964052812
1901199755
1181965506
1749649258
853734322
858631445
1862287175
3392989690
1528799156
1433712467
2401275371
2665778468
1738541564
2769066893
795193588
2755501462
2800537288
628793463
2634000075
2506293737
3411038332
2165187751
3101856119
900403370
1928679154
2133727529
1791629773
1050774284
2517820496
2518294594
1017081688
2089489108
1712659620
1987878644
2427659679
2795571429
704336836
2989199153
1362453395
2092054024
2653040024
1875176775
2307553735
91992675
1452942594
979017220
1378468530
2183522675
2453508249
3537320784
3146101371
2099651549
3461468132
3097701180
2947431859
3481981888
1757808438
2848102555
3107324854
1170238692
2153227121
3591368615
490155298
2235645598
1885716383
2997920871
2050296800
2197038763
1160008725
1505883203
2631476102
1247627174
180234125
1431638970
2136326142
2502214279
3201830232
396026971
2401860620
1449476904
1838718009
2846916564
1372141498
1799738942
1735281156
1379763774
2077705014
1580334475
3247287310
3542460663
2903153789
2928113414
2797338287
1689541516
2220038959
457075652
3471755077
3652925427
1544531184
976288263
743537308
813114027
2857391740
2653435701
432644187
2559419480
1625852456
399638522
3232607540
3515749892
1879082531
1760062649
3132906392
1148303668
3037372286
2439410050
1496630657
2090930568
1825150834
2440793379
2376228203
3458761236
1967667584
2290205475
1812441663
2894839568
293200172
1668870988
1362299898
920490496
883843651
2946562584
1819793561
2542949289
821728311
2703945886
1730274294
696843672
2306119960
2214302110
2035969370
1932488243
3066990805
2059270225
2340114376
2689301350
1437976405
2999198591
1825460831
805944017
3475259486
1738016051
1219956818
1632560933
2723109221
1334876328
1699868204
3019464345
2152690182
1206006698
621263904
2875721690
1191523465
1380897970
2904121239
1551471383
3439712572
2154670726
165894776
1927675104
2386630189
546653685
3579702823
1223815333
1780982740
2622914096
2201405843
991900532
1322275729
1395357813
728179619
928960571
2341546472
1132934334
1354924341
3435937320
438161985
1767327785
1621596979
1858688989
1986053101
2596602117
2099555746
2025285547
2828306330
1390996493
2009137729
2258856330
3509693788
3510950343
2952827984
2295006185
2682062580
2452406408
1745281549
3049817488
2285999963
1975760131
1921922841
2398683648
2292390944
2555792134
2854865318
605989517
1527536046
1748516855
2072123472
2445098495
2452530183
917967457
1103604755
1669231097
1998069045
1544064586
2765560743
2147134979
2085295004
2739665501
3384408778
3101660007
1810881402
2705823109
2878842379
1496852678
1215363851
1780850904
1827814563
1925832843
2305241536
1445285024
3198237760
2184073587
2081407277
1146260651
679075995
1868830184
2926207299
1565926357
2967992735
877358002
941773598
2580224076
3006879621
1789046993
1785097978
1540856086
1559995884
1352115562
2625607309
3145834172
2484371195
1383801069
2796196543
888683052
2553768276
281126705
3027201146
3374375206
2662452684
3056939223
2701475076
1356602409
1525418869
1537582459
3753126558
2886067477
1370960744
1545913983
1817030752
1443244637
1379177714
3470407032
1393293912
1953968421
1880714283
1198029324
2214344526
2273036944
3127813871
2444657742
2461789390
1191943027
2037849027
3531250355
3529486950
1115618661
1323994879
475559117
883022367
1643878296
2616141976
2507693791
881858882
1073609549
2097258540
1162175220
2007563037
1343108676
1365379634
2940966747
979371394
2778459693
2530354874
1783768762
3054779656
693861249
2321307146
1628240093
2712828080
1694717099
1597752943
2865366918
2230886644
1964770973
3091309899
3454267136
1892703896
2067172138
1454931964
836643709
2160323758
2348967500
1999079492
1383545164
3318169267
1312331685
2521651229
481675613
1138325625
1151652749
1882342578
2643312711
2294755820
2900513506
1171079882
1857737824
1976380118
1122167583
2296841267
195477662
1209965698
2161514571
3614464744
2664744209
2081577908
2460552358
783515599
1528112928
2329141835
2822110811
2832101692
1674623253
3311818504
2156902172
669985598
3542974284
1749292799
3400006229
1873092961
2093888477
1699316781
848048801
1147134129
917490290
2892203120
1559051894
399724821
1997572446
2932833526
2084662545
2495837272
1216486934
1784922227
1094518971
1590019784
501562316
1167711448
1004668156
1251532729
3729093985
1353847038
1699797996
3199077063
2175346315
1409530397
2625976565
1271908938
2178997196
681059318
3055774006
2269104778
1136163921
1420865912
3102985848
2820022118
3246547590
2765029920
2054444676
3053362859
3303986674
1825057361
3274203098
1198488915
1624889653
1399978888
2884956609
2016037653
1966732026
3393212762
1493894880
3686447222
1057693418
3176140812
2966157307
1790254407
1625510873
2469436433
3577533293
1874323875
3227278926
1079561239
574469717
1982083044
2974659673
1774588943
1095706937
1825173827
2946365804
2979951815
3079126065
2986038569
2838196562
2084190921
2004954938
2854910858
2048036432
2748762003
2351878225
817290510
1845943145
2685639660
3342956712
2517722967
2700024833
3621094354
758205149
3661509744
2376295619
1691462289
1911486568
1511178548
1641547591
1665003417
1133782837
2107552946
1861509995
1541865632
2403892180
731675841
538168530
1708798521
1987039821
1219965232
2597127711
2389615956
1972756356
2356611773
1586822741
1899930012
1409882296
2286587793
2403956602
1497174975
1900593896
1761954492
795595931
885926717
1279123381
1583873556
1957376680
567290249
2389639553
3396196668
1954917672
750690963
2338429370
1993119005
2277538057
2385209531
1713056622
1720241542
1944702745
1747553794
3401668895
2425279929
1537205180
2846898971
1468478385
1513757585
2676555293
2692547698
2350664880
350516033
2209552425
2496638169
678057256
3813062887
2941500525
3166107454
1815801536
1836080375
2133744546
2293126577
2012362141
2064397571
2568254096
1724278052
1007321947
1548158492
1275457041
1515636830
2426123305
3145783597
1926437044
2177372443
2449734658
2695681209
2769866417
2922259142
1349141640
3321438209
1026361125
2569438921
2550300340
1550589012
2808902137
2077329414
2643464042
1914848618
1949572124
2800506417
1274304928
3779664428
1228875431
2705769139
1973652984
1420510061
839064033
1965413826
1207136768
3322146589
2405531893
1701611006
1698695902
977318003
1934144601
3508908406
1783277681
833267234
2528908609
1109941478
2454941991
2259697585
2403683169
2493705451
2486818343
3383347139
312368259
1592013125
1992887723
1558237535
3523242564
934027785
3611324745
2416455935
1440001937
2754649793
2624641185
610678841
2343993863
2619842067
2410282128
1891355178
2285296242
2551079662
2808335393
2604345022
1947387711
1166863711
3155234802
2924595135
1834863269
1196222898
1961606400
3542980972
2687049898
634367830
2479865760
2169541589
3688120380
2420153759
3366568631
1563553784
3226656208
2631401208
2301810821
1668912093
2482059001
1992446879
1096952340
2607538352
3537307843
2800608489
2106019757
2913282361
3013112081
1849692354
1909898598
1578597598
2883997808
1890167306
2624772504
1385675216
2190244919
848530762
1108542779
3100506463
1679891864
1335709007
2944178785
3103326100
2202210814
1844972489
3918560596
2077552078
981239718
1260477227
3000707174
1721053721
2349992260
2795758805
3220785522
1526036707
1828678028
1566512995
1742707547
1008444788
2177601219
2696281513
2193255916
3156188813
3057325377
2826744552
2695609079
2005124639
734172643
950149074
2380544964
2298985292
2616292576
2078320363
2191382179
1213331569
1399145251
1522398076
2422893259
1250100573
2453802902
2045933555
2897807926
1993416401
2307382449
1004868999
3168865547
1654783329
2501320908
1621522659
559082721
1266935050
1422222117
2251010457
1051997194
1293819660
2809752320
1441539116
1781059705
1648955637
3414614666
1983476180
1652299335
936929218
1757858248
1406450990
787302119
2892391490
3437262995
2085375955
3167165399
919421901
1277744689
1189091317
1824773510
1060551815
2211105416
341898788
1615987924
2077571921
2153894642
2071914630
2256752039
2765664300
667068242
2473543814
3357076210
3533821235
670451893
2006904397
1267568895
2539304496
712860378
2907381921
2578361299
2530561727
3224357785
3059081235
2830495793
1797944440
1607274355
2023098610
1580275635
3127682687
1949943412
1313630099
1485687679
2488314955
408153452
2268650286
2017688795
3674245838
2170730144
1375151733
1080466956
1519956847
2164349555
1277057438
2048577210
2105720668
2285348961
3222958974
2430357305
2995574103
2998480729
2156677744
1296316749
1728685810
2011251920
1754219454
1666973570
3742865463
1075623658
1438957718
1312778138
2088456374
1795717227
2214890656
1541985876
1787317600
1241230670
1705830230
3215026255
2224715489
2337826598
2694864897
682678758
1911833986
1896431947
2867044454
3607894102
1831235168
2057074685
2376841480
2646111737
2495954385
3421587338
2396352040
1434516078
2726723477
2432654365
1631134055
1122596031
2242962262
1146787327
2975628287
2243692719
3172299310
2430121933
2706321312
998773243
2793468131
1258395018
2806579321
1164856081
3862318093
1281747665
2710639982
2578295724
3454727342
2086829063
2046458152
2055627905
2803907721
2305946609
2127647821
2122551350
1048373127
829150950
2834591320
1274295059
1986328011
2704348304
2990541429
1308836093
1677970383
3472665941
2796448239
2759919916
1795650192
3247448336
2270049204
1162459266
1886810915
2075542703
2583502403
2973942112
1134113290
1169222430
2210302486
2055925868
2491251830
1946645691
2205159846
2749054740
1267143898
1114248386
2077317204
1372969897
1996727177
2525738976
1962705981
1583256154
641991756
3569572334
1812514884
1623186979
965806150
2491360048
1603076265
2884811542
2911796012
2083165260
2567736780
1568321397
1734088081
2639380227
3047847115
2467267962
2737319069
1934809210
3391501987
2507388365
2954475431
2437457923
1064444524
1906847301
1855899110
1079918397
3677629610
1948663275
2601396057
1978130333
1631045332
3199136496
2698198999
940222716
887111047
1236806893
2317720936
3147083475
2803716430
2904617677
943410078
1888583806
1729380553
1852737941
2020405871
1781030698
1483204304
2640171292
914700746
1790652854
1954519667
1748724440
2565838266
1558419227
2988503546
1708431678
1370803948
121495609
1602409952
1430943484
3264948079
1231881393
151465866
3259605249
2743024890
1722747039
1216810117
3002903934
1322001714
2131603194
3347626239
2256410224
392417559
2559166210
1810894876
2639945241
1946026760
1730134720
994294088
3372790952
2208705197
1431781952
2112807224
2046010988
2995320405
926549409
3195524111
2122216065
1101484388
2418235123
1675330332
739967653
3596537258
1366588833
497093120
857316334
2364902154
2773561027
1974624145
3531425656
2128828754
2465898141
649858250
2627704567
2051651049
2738895136
2584591953
1030759667
1621849916
1229335363
622969906
1576390879
2047999826
1600914993
2051564881
2273346135
2127591796
2028727334
628739216
808667058
707869841
2099532311
2776345034
960322284
1273498565
1847688058
1903395363
2552000423
1371022965
1640558435
2781436535
2259402238
2060112939
579376757
2803734888
2358590950
2275504790
2456160893
2184711652
2228905607
2582181920
828463877
1165577192
1634536446
1450144768
2130325730
561568017
1955819477
2728950466
501548388
2647556117
1319651283
2176390610
2215905719
1055793805
1681111344
1315701875
2281098719
2904411748
537680429
3066705933
2473810655
2830830333
2699104234
1652710945
675348755
3078938928
1066922762
462136127
1701598107
2542682211
2294722116
2407902457
2903470651
3415146547
2525565131
1124596697
3477711573
2912089974
283070636
3446933218
1906133147
2154476327
1265869845
2067568574
2020484206
2277263640
1726929800
3771589404
2036480640
1988493655
2380679289
1865388073
313058139
1930866499
3256091015
936086654
1490965237
1178136206
900432254
2060178989
2147442428
1074479906
801915735
3138937917
597963559
2639954870
1454705499
2487500039
1796229450
1361486409
1490399203
2055209335
2531621506
2275987983
1396668631
941091034
2025080202
1177198561
1376001327
973764369
3137323456
972825301
2619595103
1835517563
2722574986
1291310253
2627658057
941115275
2494924193
1595594648
1036127915
2641675267
1788620768
2635920074
3683341962
2214712508
3051526932
3251441392
2134692566
2014607652
1318656038
444226491
763724411
3455095570
2410743944
1517986771
2697646573
2032248217
3438428593
978904772
1443868381
1685107856
2448081017
1629467360
2927212223
2059538135
1649586514
1825372443
1332238811
1738442839
1655300510
3053875273
1024459371
3120279930
1393882484
1531587162
1963418698
1591789921
1570952080
1780562720
2593464311
3460659566
1889868556
1441691916
1469793865
1718565793
2915472167
1761733593
977687376
2357101895
2228939650
1536368266
2427633462
2007699871
2378700143
3236024392
1714143483
2459872379
3722240722
2541140371
2466602314
1281898530
1249619762
1072907744
218134329
938465208
1410555008
1169119280
2324610204
2576347952
1854081110
2040384280
1519101802
2249356966
2856247606
2756716526
3969106978
2635644493
1567961959
3459796282
2463974436
2334133329
447748150
1507968851
1772862234
2416356489
635911814
987620482
2890709390
2107085290
2508992243
2561854046
1419804840
1382265153
2573940525
1419704730
810706928
2463897735
1897104596
616572712
2555239678
1959010591
3055525454
3192268655
2128855504
3080894231
1721724137
2208664405
1155791889
1732798072
1948468508
1969216999
1569035670
3018100941
2350636357
1389415352
1658627589
1770849378
1858671803
2140623258
2354301380
2991818067
2262376492
796549551
1971775132
2062392404
2232745241
2195893835
2053159867
1849381134
2015050088
3210268510
1658493968
533927664
2199054771
3456593649
2003151702
807434978
3611964102
3347030754
2148579302
630925815
1989777279
3348936843
2228996302
815102511
1848536739
584671005
1115519078
1792939395
1642273749
1504896254
1772615650
2240211998
1651508744
990820207
1428160816
1057916213
3157277614
1489337294
2035413479
2697407804
1598492568
2242002557
638437846
1971657162
1616310462
3351150304
1197977132
1627983334
1664882639
1626143492
1660512281
1001281249
1230299598
2036410602
321777980
2898116231
1170383112
2111187877
1559476803
2764724719
815780065
2777275386
2500102878
1008383932
2403451495
2926345651
3195164135
511509576
1707317186
1214685686
1872459166
1782460770
2126052897
2967965066
2099405570
2862898389
214150633
2286270888
3090421404
989238540
3093723148
3339588121
1322925554
2431747037
1284407537
2984492225
2968180240
1452230270
1166634080
2775848490
572662531
2713845533
1136229250
3797104665
2275009084
2523075005
2096434639
1871306866
2237579523
2311091233
3451032800
2656807366
1970016190
2791328760
865679922
2399839500
1588048025
3110740495
1886901867
394308885
2678294700
3204754186
1873169693
1397410975
2687292477
118637794
757446155
1243536029
3453922060
2581022462
683922421
2343876362
2638643998
3276000743
2762359613
762099910
3388931326
1918059347
1962601445
1451143532
1639488045
2670957068
2515515363
2657599476
2138674842
288226096
2882036165
2153085941
1300920746
1909834825
2221956974
874141246
2035577791
1947269953
3551173158
1771311409
552730142
1838121208
1228084198
1654784182
1182791232
2821453950
1801717684
2369829723
1617773505
781874149
3470008428
2394620075
760650214
1692203974
1100527900
1936551611
2689775796
2517816412
2567704013
1927938873
419124814
1998607321
1721733477
3129128352
1590449256
1830288523
2820015718
1491693307
2517987925
569095548
2469156711
3748110090
3155101967
1882517614
2677827154
1141020422
1003917592
1545874922
1820368700
1496022457
2472624839
2191198492
3029466210
1106077438
2041190432
2669957784
1026249384
1696799732
3234236180
2192932977
1661524372
1633462260
1834911328
2816133628
2496582009
1250660038
2746916794
1251717028
2833844795
1822029818
2839371806
2181399503
940751543
3087389635
1817597568
2325692861
2430244423
2194929570
2441997298
1757259439
1855302482
1847488315
3389905422
2039554335
3249737667
2129703391
1737241301
2617475229
2102615883
2256173130
1794117228
2478793059
1744739387
3318744074
2413907035
2698600820
1438322256
428641192
2410991480
2296169760
3110152433
1776221819
2181931901
734950825
2393592854
1934820081
1496953391
1551070719
1685471704
2584274516
2963985493
2042265580
2395976742
2829172808
1637233483
3885371609
2907514404
3127960326
1736483996
1260056184
3120689649
1476449917
1833465467
2699901431
2037285840
1056875894
1904190743
1948087012
3212929633
1798977446
762580226
2761575150
1571147637
1982485832
2529613152
1528765504
2183930695
2037287716
1905281203
2056094310
2367148855
3823629241
345464957
2364387003
3300285673
1644979483
2160852940
1059404750
3593835810
1605153555
1831568891
1212601283
2404766626
2081835257
2168447294
1494459689
3224963428
3473164129
3672884860
823605264
1851067985
1981545973
2109573119
2401073087
1950792251
2620072606
1305560182
2384162646
1721296181
2050789095
2406315180
3213511319
2550101703
2176730018
2949722335
3736293644
1170207751
1673264988
1043225871
688364091
2971616625
2126339641
2874351259
2145449264
1950575236
912697386
2500569056
1572677008
1630969673
2558500304
1289686181
866132869
1845380926
2306134946
1800010544
848620352
157501235
403248295
3027123863
568079514
839141091
1341988628
2037676947
3099828993
3200891952
2068063367
1610869567
1548825304
1151792824
1364883232
2941933299
2595846449
1268584475
3756573833
3137368037
1969037961
2008690825
2211000288
1986334835
1259099667
907148825
1158925074
2291569284
2378028193
2630985709
1692912266
1062609119
2242210890
1294215839
395488930
1461943685
2681694428
3690872849
2232274690
1396581633
678619803
1949922707
3000358591
1212781635
1845587070
463335637
1167230400
2508296379
844853967
1560524885
2791524202
1654795816
1193066554
2003599694
955410718
554167332
2499356269
2062418922
2063515660
886781673
1442743419
3113481929
3054534058
2912497215
2970736025
2672301758
1780436317
1943095681
2336405026
2104303879
1593511568
2347927801
3055922144
2490641056
2108756802
2808139176
3349270764
1881107541
3598658290
3558148210
2331127284
1603394485
874595186
2686420750
1508057634
1827613322
1400839845
542506961
2496556983
2722076253
1532715140
2826288716
1725709540
2481119830
2349799341
1670018852
2986892109
3605480002
2406192505
2429884859
2354813629
1637377910
2667058490
845738985
1719934040
3519901679
2003416730
2939844548
1027213606
1840493599
1694997773
2596403460
2296299538
3335486737
1022634056
1998899624
2083671582
3165187251
1550664062
2193467508
2128474409
1464164617
2359849301
1669465046
760673587
2243275398
2426910935
2296474979
1452317366
1826780529
3192506845
2167516786
3076428790
3102117663
1166263282
1266033457
1732657773
1003974964
1945532266
1909619973
1183626920
2687226106
3130313854
2759029616
1498331186
1334666000
2424329773
1513151369
1790871671
2430553714
124960973
2297530536
3680750167
1596274424
2038650147
2486797174
791143263
2774512625
1462700927
1492751310
2172748307
2539203281
2151438280
2671866119
2697840368
1868989255
1904856841
2285614561
1533354808
477472671
1274616808
2903808871
1589493408
2412490124
3193633976
1453885992
274556848
2193740058
2014912847
1706017865
3541039494
3270043843
1347096485
918634434
1994368754
1272804060
1512236702
2063667104
3080600880
721991283
1905669147
2724455448
2465601842
897357664
2905174008
347343370
2320838228
2738104549
1166261223
2828070038
1883621611
1373068407
2389044711
800075424
2207995677
1993196733
1662342040
1119349196
3324242654
1445545603
1964574770
2173935591
1886497668
2827011381
658721744
2845652931
1013110416
1332593778
1356041232
3658875690
2771012856
810714124
1953780810
2212077493
1692898139
2481899602
965919052
1301008674
3640882063
906312474
1829159287
470224033
2696154635
2462371466
1700064653
1111493957
1353142658
899890123
2659157885
2275794380
2213403610
2874678800
741590873
3208240525
492420331
1571891234
1213737964
1981897515
2008763331
3489198554
1621968617
1650028842
2158739900
1224766972
1830006528
1696860590
1768938559
2072430581
1627573220
3144722235
3208370060
1694787505
1019182098
2037005297
1951592137
1733049091
2088724458
1962148219
2380211623
2517160172
1513919943
2922358941
1979551194
1532623736
2111128210
1141143757
2518900314
940562616
1969337289
2369588016
2063748503
1508964407
1485398975
2386304453
2033181764
3482795369
1920151438
2082405352
2273937837
541942228
950409718
1430045105
2997644837
404941054
2183959920
1362892248
2118859722
2206024239
1528988458
2745495373
483363368
1165278208
770013420
1630808475
1226181212
1290157420
1303317194
2063126850
1730669309
2369792871
1347895778
3140384567
2800077350
1952553691
1429306937
977560976
1486521039
1218073412
2114962521
3477745483
1423338219
1964807439
1456911781
3189304343
1151699070
1217258819
2748508684
2938450170
1967448468
1809139737
3282487074
1363455388
2505835998
1826645211
1662684125
1917963951
1173500327
840623704
2008546289
869479311
1512946970
1817378443
3298535484
1354291949
2447513385
1911290058
2509281784
3103652316
2107449412
155693823
1077733009
1572799397
1445558745
896773667
1314057411
1665162394
1554543142
1625248856
1153250858
1184345019
2740112624
2166871569
2433799217
1524495315
2410901785
2841784604
2941748147
3299233055
2156825215
2113189629
864725820
2984455653
2621076457
1139667062
1536746322
1131605100
3651425342
2203745854
883099252
668506240
363392961
1161874487
2115570096
3490628645
2477957132
2627676514
3076002731
2953381282
1589436053
2780264897
2068071211
1385450540
2078826994
2341494301
562449510
3597037984
895379050
1006525609
1667864306
3174291659
3254363783
938988933
1484656208
1972321890
2568901849
1397062760
2048849605
1062023966
3041351392
2390393279
1770763118
2330147901
332212360
3341538287
3532477991
464949093
2147616710
2230434531
705141232
401024040
3088520161
1475187645
2578236686
1426538862
3157131528
1155685304
1232834790
2295092006
2223810818
3213744465
