2318690260
733329926
2860473356
1656830812
742900117
529256417
3382187425
2016378562
2260026857
1906346390
1876206064
1918307994
1929832632
548937883
501319160
3355543585
1711122712
1549638507
2920146416
1843725186
2364328977
2259512909
1214823041
2883409728
189652807
1433181597
2028368292
1558869205
606458308
2244773169
1911519807
2138758555
3065651889
1649575112
2637045926
1747206390
2476105262
3437194387
1897209987
3526842928
1907762606
2102822783
3019335326
2625812619
1852626175
2720300422
2765028764
1986389489
1073678889
3022619473
1985473506
249704022
2411416418
1697859725
1991183023
1716756632
2585373101
318662033
1749466233
1618139514
3028973656
939364154
1023225921
435491910
939580695
1507651032
2247292199
1687975400
2341552385
1645086118
3066964874
1535711977
2698336128
3556503270
690433252
1497354322
2308716370
1211050417
2344296079
2807372410
2013579178
2488903049
1617644290
2629195009
2861480162
1089580163
1986568231
3247952745
1992877448
2559006600
1120552068
2420725792
962120900
1117297066
1850383476
2257964980
3128821259
1418111694
1288522577
1663217409
1636338721
1962618261
1636678447
1866169227
3421089648
1920165881
1423818152
2035741248
2522770877
3656939775
2346573376
3474046607
1809996817
1120495580
2506813207
1683112060
1190726080
2029862141
1579801394
3084325278
1416244061
2171295685
2677783661
1351247197
1999408762
2277191346
3231617436
2574969549
2938546475
2323869585
2601343096
1010516516
1054587272
900435588
2116006278
1546448634
2269540020
2888911763
959929411
2144039453
1011487825
2211655165
3491744328
1784926522
650430351
1912786793
2251838803
973091434
2229922320
671344370
1572089918
1096564804
3105685818
1349570259
2402882686
2378074196
1400582132
1785192110
2044815773
3777436678
2104358347
3443730840
767758870
2281578991
1694462773
2847744383
675435445
2028015252
808710830
1073412026
2445971798
3557594282
865312131
1386787638
1676788866
1227897493
3233444720
2357579384
1207694770
1306975314
1094193625
2328987170
3584417761
2009362042
2711014225
1046498398
1316182385
2825603923
366889682
2384107258
2374949428
2314549617
2084856003
1149741321
2150905176
1242683432
1489270425
2774197227
2999793610
3183624400
2619002154
765829302
1540166091
201627431
2565373135
2843249141
2202784223
2602092985
1511009178
721479354
3126900493
1335752862
1861497444
960954486
3341028145
598970772
3558975456
1137451952
1617773271
1215666900
2224612777
1913520298
1744467994
1945313986
3439031620
3421844353
3734626630
2341548830
1383421982
1909420038
1970138232
3144108329
949488378
1411606251
1620910374
3215607765
415251407
2800718401
2153002530
2006730707
1556185901
2164476010
2034687247
1121413473
2276043460
2111962699
3312464787
3462294808
2923413584
2945751157
2015731247
2972900237
1051574044
2451959904
2003451495
2046908731
2778881160
895647959
2895531055
3442061436
2095575644
3449496869
2870332410
2088706876
1554783604
681102456
846981441
1680712842
2352818785
2077435319
1685408545
1694032819
1571164546
2109684297
3072839721
2225603722
462846464
1940440367
1827739022
2477911285
1478317003
1532001048
2419948202
2539143723
743963843
775490063
2250532563
2367147020
2601521295
1718341865
487764927
3164913165
1251753783
2461984286
1569596444
1706447194
1905787326
2576575719
2046824730
395045508
2106182455
1233124994
1297505893
2150427576
1333759906
2028724387
3815488075
3396685392
2698758518
1193508461
1094704861
1462152625
3440139564
1593971207
1341211643
1796004716
3589403129
1538647609
3539474637
2464560355
989070296
2239293830
3461506088
2214395043
2072433840
598227149
2062345440
2241620375
2209219026
2478486619
3113297157
2256882627
2051874770
1779543232
1947995523
2343546406
1685841371
2109581794
900559523
457195818
2648111409
2980676736
860675704
2504739310
1204511800
1283313250
1684819537
1713385512
3616257905
1490411084
2260428491
3286285906
1813237213
3265148421
2536307974
1633195105
2293391870
1602593185
1095795588
2292659313
971976576
2569678709
1031125996
591682131
1325515674
2512582385
2383070974
1332075883
2269759522
1364315720
2070227116
290545272
2431045455
2104370587
1480185186
2008473070
1319545920
1535889915
1970875121
777134014
991695662
2775673462
1960616734
1967230983
3286256418
1952952849
2510739338
2724837693
2004750976
895911349
1367104235
2531403923
1784439424
2683058452
1434382383
2302578824
2063466659
1886822601
3414646993
1858993153
2679355931
1794189713
1473000129
3731913363
1476883677
1971807900
3006578685
2883184090
2017882825
1309681357
3694857473
2130329056
2900004659
2064317233
1399225675
1563390635
483582264
1491686274
1873678379
2866966425
2501639556
2355739083
2265325542
1901122845
3437678285
2278215995
1876459484
1380470297
2726999680
1335265023
2207662574
1939991358
1960991269
2981120685
1853208098
1380178107
3043233743
2390947810
2668390250
1349055082
3798597672
3667945509
2367972180
3512319434
2500562736
2014840373
2674130118
1711713378
2660815947
789447378
1333517304
1642770390
1659630027
2009811012
2037189197
3480775145
2515625812
3549598427
2070423598
3160143661
2034388987
1957218541
2338169172
3411580146
2017506478
758928390
1680024877
864990810
545620805
1610540297
1739294426
2147538976
1566136925
2122601915
1644606553
1533870297
2244512384
849611612
557727019
1685429253
2729417089
1402638632
2760195188
630241298
2423410235
1207743213
2553606524
1780482622
1464219788
2709622896
1145535393
1016428223
3363115885
1326356951
2668948348
3554679748
3039962237
740929220
1605924925
3484796929
1646467290
751555047
640571449
668131966
2739382120
1751974147
1252682474
1692695290
2318554861
620128920
371761110
1763788550
1036229846
725141907
1814524630
1802732570
667896888
2739316902
2244181784
2126611325
1565851161
900860131
474887992
540002633
2147789692
3542175471
744706707
3141490781
2222908080
962699811
2646816785
2639734305
2253412601
933200982
1425662204
2356068474
2189961992
1213425921
3423067994
2694374620
825990884
3474756095
545062944
1630722722
1279431690
815249859
3612896250
1797056647
2841795196
1085150610
646495502
2877717275
2254995013
2359809990
2078373895
1272727790
1664430292
2779438970
450290150
1066814578
2556522087
1371305130
3036437746
2237871199
3266501763
3385598230
871496408
2089886089
1554393707
1928653123
3129039001
458993498
597725279
1238341878
723388789
1810705585
1465442710
2315612516
3377203962
2038941492
2085994122
2217129926
1755843868
2220789841
2410948009
541862780
3363681583
1623833480
1077551882
2184876577
2959658654
2337230403
2626584133
2235543538
1172220989
2059524309
679261264
2341156707
3600897810
3414100708
2009099093
1756136264
1206277114
2381831224
466264620
1749635307
3211210481
1303781067
3118871256
1454359769
2981351442
744506890
1729698228
2119072036
1421669942
1937678940
2615841275
2719328399
3857220020
2705155689
1553433287
1851546373
935664724
1664512367
2018912212
2936407456
2861287737
2184975999
1188532743
3590664244
1374654501
2479366130
1114847344
2194936528
372671799
3651134294
1629807360
3868147183
1150642499
2801542387
2746299011
2668075180
2068575227
2914241796
1765706818
2175170370
2043071670
1079148585
3067021736
1277217658
2995888222
2512688263
2479216962
2331172956
3020749692
2253983353
2243338231
2728845990
2723090939
688680462
2703747635
993434557
1523090428
1736057210
2730715138
2707999245
2334594766
1434652008
1106972728
1235964697
593596173
1666468891
2042395009
1100264092
2596200308
1669705996
1040508374
358277807
3000574980
1963062354
1800682453
2032791817
1569360064
1328462840
1907134611
898133080
2730156048
3532861957
1905774483
3236561755
1556654785
2098402199
2666112485
939162978
2819156905
1777007694
3436899204
1716466496
3441965891
1153326527
688626252
2511080098
2106807804
2547170815
2601571657
1189549954
1362546070
1768787783
2721694876
2539868474
200006344
3158595939
2136500860
843418534
593116339
3585339537
986757204
967534057
2015356552
3006464396
2366080049
2946700458
2611754507
1382289525
1671343445
1729862857
1031434523
3234884608
1259503891
250812972
2994876373
2046831848
1487328777
1816983021
2287632494
2008596095
3101779873
2641850422
3238467044
1824443669
1940963026
1322211429
784635498
2031180455
1207935488
2043398929
2318414531
2336005444
978453361
1011068651
1822063893
3072770041
3501958944
1414529358
1751105964
682714861
1723368260
3294362709
2363196553
2025380277
1228543897
3408785061
3028045078
2528777920
2904659268
3157637486
2018847864
456002992
2409238935
1181972483
1661519192
2126631948
1907806299
2942445861
1492958976
2323002744
3098466113
1782041250
1645674696
1323234432
618543622
1098677901
532018689
1372053124
2956046265
2204415379
1438864818
3252320815
3383098756
1655537704
3259420939
2923107165
1744781336
2832734833
1499211918
871203214
3630310691
289594823
2210116432
3258779901
2189819615
2636352494
1072148169
2594962412
1794031212
3053843093
1687424805
1834485323
1570521315
1969250184
1968385095
2147128041
806882458
3137858758
1142973123
1904913069
812618778
332577938
2594205408
1836222798
3196887876
2743444734
2138882723
1023073448
2971893592
1510041877
3951017064
2934348455
3373732545
3094791484
1332263533
1966282693
2409440448
1145321785
1456765250
969151270
3265174276
3348820655
794876763
2414470718
904049784
536357600
2493618925
1690885337
2754296039
1502855035
1478727898
2630941477
2567857439
2037139118
2352572895
1448703271
1964416768
2321105374
920897050
2445713869
1371180430
905234374
1715464532
1754716603
723790343
1469479106
1498521902
3259154298
3259726545
385942995
2843784035
2525579544
1126444317
2361104442
2479782590
1214835868
1248525688
1020539579
1953223550
3650152435
2953118503
3026665434
3019333733
3553566510
3386939459
2071218110
1286125256
160856102
2105943517
643934527
1454328002
1371154688
2661522777
2374648876
1113960691
1428179017
3411856771
1473619511
807753360
704414210
1176758402
1622812564
910638966
1107691610
1911299793
3536581991
1205532389
2489827068
3419660107
1207272288
2463558992
1284594568
3062317106
3089293327
2844515449
1574292999
1535887580
2490101708
2695249480
1095118396
3701865268
919635421
1196010610
2152149576
314301756
2445633373
3304208180
1273235607
1335520295
2012991583
2100474504
2838359302
2966681841
1109326843
1650725423
1777402673
1485895777
2072604420
1072253841
3754765763
1614516102
3075818649
1262834948
2946845747
1794571233
3040414516
2233460520
1507149433
1516134183
3078932513
1789388286
1911755544
2548274865
3333546115
450016883
313069383
2491441362
3725257202
1314649594
2807354595
3868739746
2632981950
1735255647
1829708603
2320095532
1417206871
1662600837
2117336269
1432031673
1941491729
2166141882
2515691951
2182757167
3688816616
1146025382
2002715587
1001287943
340457208
2632963480
2274081804
1835009518
2494388237
1066711469
2498411370
2225855340
551015490
3539264784
1843262286
1650204176
2133493599
2563512773
868827844
995982934
1241564892
2792598161
2019615254
1316915951
2363036253
1550896579
2131094709
2978279296
2111254223
1682270507
1743965244
1536860196
1728439786
1355266442
852987657
942974532
670788014
1944515179
3232555408
620978419
2895000479
2331261058
3013340345
2842761669
1650170579
729557276
1095405391
2252983921
2119243508
1514231332
917332090
2599813610
2590771868
1928636614
750612636
1222288968
2469808119
2525073119
3510010195
3119678463
2477919110
1296447374
798873482
2231687004
2371474436
1271993806
1993128187
2044254243
1295104627
1278245811
1971331467
1970992373
1677215939
1223438455
2852652242
3160350967
858118204
1547254156
1986408304
716821988
3039155113
792040765
3446860672
2444246624
2665774135
1521155358
987531106
1828963743
3133732860
2187214582
1198321868
1884800362
715188121
2534733022
1146275143
2164842845
2204550725
2702164566
474043577
1695297024
2134409988
1526345575
3410711814
1145327170
2369783800
2586415934
2386123418
1291089561
3153616771
2571378475
1623813815
374731459
2394191292
3561293769
1063309901
1806839070
2293583286
369903441
2638774872
2598053368
833669882
2695067368
2427208173
1879390222
2384428467
1077732513
2068736973
3219841498
1574145832
3854308941
679458279
1706724745
2710008694
1840532945
894636181
794006182
1970194757
2450784944
2567637223
1675116554
2251991900
2236808396
2080976620
2033581232
1916720473
311644735
2111323293
1877566817
2129817724
1638362100
1499237510
2127413853
2560063153
376538580
2229445733
1726291289
1507370053
277887128
3429193173
2832292386
3288727307
2144315716
2465382821
480287725
2319256523
1607952913
1630163092
638242429
1605077525
917017959
1192566251
3109870348
1690900876
2827967287
1260574593
454400738
1280252911
3236153911
1141316034
2567200029
3364497303
1118300976
2443948174
2517499476
1224536116
2410382700
2099515794
2915286585
1433368864
248793224
2160638574
2291890213
750076764
1689171065
3469397484
305819190
3123104962
1300748715
2229507278
2706930305
2147017588
2198847582
930287743
2147698268
1596115689
3676186491
2115853340
3292140243
2706932003
2548572615
3344958938
2759608285
1375007886
2558019452
1418377552
2869897577
1595256030
752015356
2647569204
2463171107
2585297946
887059373
1779718833
3298877597
416306349
2602476553
1408579310
2123882618
2404584712
996897581
1917311513
273006983
2467985339
454355716
1186943963
2568028856
2084317627
2718988111
1275689189
2294290474
1528447736
988868473
2320627770
1986536008
2337016508
697003855
2988072798
3675966585
1167486443
2282155439
784342225
1669126052
2068446672
3369464236
1712737280
1951464520
2982007876
94802185
2063779902
1322404938
1813468310
3404310206
2213861661
1536526566
2384032815
1605079936
2084242684
3472530653
2956730648
2518012425
1627660639
3445776095
1142638155
1586501607
3962099048
968458521
666278976
2011349601
2615959430
2564598451
2055936130
2300972179
1978895612
1381478137
1368405310
1253766096
2811712117
729600566
2781234488
2718797765
2089725016
2073957738
3918201753
3485434385
2793016340
2315513562
1952269510
1483199072
2836617391
1094941405
3090564303
2366082096
1385833100
1286355349
2977582174
2634186582
1820249025
2618434088
3157994832
3093445743
2810289080
2227899063
2437314113
2926314179
1016251528
840675554
1924651786
1569570555
2300850223
3139951627
2401955395
2558572970
2873308298
1020024939
265559556
1730911678
1376373838
2617217552
3673836327
2355897175
2211933361
1729846673
1294381295
2551043957
1890258848
2012441417
3276386146
2037187463
2022291648
1491909604
1859082216
1552650687
2418013696
1077392954
440036133
2267337267
2963161615
1874656805
3455909867
1008064601
1421222468
2252872793
1561151680
1361286495
1461026574
3377399170
1621731236
2641553499
2080646180
1591515475
1313341807
2471759694
1092484098
2141022024
2718698903
1020100663
1767517223
424992760
2324589673
2093402823
1616742609
491280636
1453900064
1468855914
1170558913
2759778037
2353807229
2511081450
3340029124
1344011201
640025645
1176593105
2598642778
1629744292
2050028800
2256025791
956966825
1927404327
3091996014
2014281832
2626015285
3135972821
928898760
2165440474
1326707907
3110857588
1273903976
3856457336
1102804681
2381834370
3085641228
3133848308
1846484173
1172064893
1896750531
2967702612
3444878040
2050237296
1837522247
1152583018
1651062529
349738941
996345287
2469200283
1813060586
2029540136
1472155402
1156023102
3553163693
1710539871
1929497830
2141612087
1841239422
1752162503
2793491018
2172579778
1102514466
3908132330
1717309622
2976483206
1548382696
2760481414
2392926354
2720618148
1266820945
2154655122
2775992809
2399305004
1390691307
1772683145
1366724154
3045192324
996454183
802645620
2298452374
1473189688
2721989789
2189978082
971686697
682336101
2284225176
2153105933
2197614679
2464278433
1517081646
1196949390
1375488241
3386851997
1911867140
1341453425
373317403
812700914
1710853852
2214102816
1423359986
2260687062
2172993517
1202899835
2520769093
2065220145
3037414179
2462353397
2638407126
1176540061
1827501854
1058603085
2802324559
1566612715
2542346674
3511031821
2109267453
2108823740
1905614164
2234214327
2446972195
2106593333
726541361
1720807743
1176056668
657446641
1781399102
1177008968
2299652427
1662317537
2450431723
2453544271
508565882
1508693906
596453688
1948945243
2569393040
1835800626
651028902
596075803
2059418697
1118823460
3259567826
1423421194
224410396
3099010924
1579556938
2686838748
2947384957
2607033744
3158118115
2708287528
3093129571
2341105828
1650088192
1744156289
976547023
2022391756
2450554217
2532013656
1364697747
3483842116
3388552041
2017294989
1606364802
2200326054
2292443716
2215090597
1415093722
1838155774
1670284955
2138310060
272825853
2543882240
2814857790
2971635906
2315007414
1773632734
2545297025
2455795698
1174415127
2762912657
2554368880
2053825299
1218129164
1713660192
2589791146
1828231070
1394530696
95140861
3104623208
2215173073
3495722101
3245942674
1430769556
3293405538
2163681182
1695877697
3407731516
1929257180
1875287029
3367352067
2576386020
2572008662
1617044867
2839819679
3695422434
2029540609
1497581253
1630277146
2883491564
1175464846
2287204455
1466235359
3017069533
1811016125
3588596430
1296613190
1757791750
1852850111
1738152836
3415572102
1873770841
2907998679
636615872
1063225128
2559007955
1599216960
2562983127
3146591473
2339925636
2306872949
2373370353
293212059
2076467146
1627244449
2745787924
1117370484
1580815368
2811336642
1835806411
1237787609
2623340966
1111597573
1359707012
3335231977
2366347928
2238671164
1515053441
1699019922
2418453015
1649324035
2662491907
3178617418
3283234193
3413659357
2018205242
1331799315
1871012433
2195205563
946533352
678045282
2527867793
1758765458
221910929
2205602230
1839212585
2168068307
2724829606
2124150934
2194061774
2764616402
2209370766
2570215330
1289488616
3369220961
1844117023
1083619542
1167762815
2584688212
2144057454
1185240034
1658929958
2277480779
1314063650
734620907
1231616797
2054317723
2946754577
2906433584
1329806227
1814353806
2068379223
2044312627
1736587869
1370971876
1649777298
2598566124
1662659940
2154527313
1923890861
1696634209
2030262620
2966913657
636959905
2062689444
1158887091
2618817598
2664859933
2798473567
2585172896
2334270713
1372473817
1989863504
1258052853
3640420798
1829014377
1169831908
1246621816
2448981424
2234873149
2154457915
2221235697
1301696931
2186747109
1780999598
1400778667
1528844796
1148818640
353010164
1366629338
2609950980
2746003790
3307006284
2429950847
3491820729
2001498699
3081514777
1953236278
2798452327
1443512967
252729457
2125520509
2126979187
3177073304
2275218642
1671839364
1848206185
2710289825
1068733618
263581692
1548212274
2607132153
2433802381
2441989363
2086312848
2246668545
972801807
1578135185
748868003
2507244010
2203273414
2914137672
1921243807
3246457709
2028396711
2349340816
2003740520
2497014479
2425510894
2872731645
1162798891
2441255384
1428451345
1485965705
3767261544
2474997754
2166227837
2879796735
1843545289
1542100414
2281449153
1726515981
1026286457
2466489201
2532670921
3749193203
1232987666
2599680998
2360369497
1331252503
1810212461
2248022341
1874197789
1217650242
3310358716
1721771698
2042425867
3038577056
3585103158
1998855371
3232631002
2850073022
2514716332
2700496144
2607826987
2099719467
1048820740
725683412
504394464
1723011966
3138711578
2555573320
1048805424
1442353253
1520846421
319626872
3114898312
2442839818
1388714775
1778513620
1152594530
2980919115
1968334276
1646188722
1370822776
2102009262
3218730665
2577700799
1558972065
1561164811
193008000
2084554577
2522613517
2607565314
2391131810
1532692328
1627691441
2554254091
731699594
3062818769
2457408096
2403384931
2099999996
1764611007
2764288335
447143351
623929696
2606539479
1298271039
3188060505
3226442048
2492091283
2172276712
1870773864
1481159237
1857031557
1096116626
1962322611
2955654768
3416856673
3212031173
2106242359
1799051757
1515359150
888454483
2593096837
3953394423
3640894794
2874461088
1719152891
3604738388
1455007715
990176508
578281193
1192884751
674612385
3444685798
2349403088
2345046149
1640042392
1827140504
3055132471
2741779969
1480367796
695836352
2160438631
3546365337
2291518808
2994660863
1871800953
2103945435
1977216652
1591937947
3139706532
1250677092
941954065
1410651575
637104391
1971188856
1597784256
3223820810
828283819
1455420392
1892360014
1930420350
3117005044
2337584210
1009996449
1923367981
1797720356
679486338
2499847204
3340207848
2708071745
2079651145
2511423781
2701178957
2685103919
1771727745
2243888886
2921244802
1598895132
2093874159
1943217372
1790059281
197489615
1328348813
2284074295
1999626601
2053138104
2155793456
1188789437
2949826574
2817285485
2031787404
1595390790
2574936723
1764633454
2068813269
2075716906
1800389937
1400758879
2186369006
1108037907
1521581404
1918038068
2245644393
1514434606
1385701468
2883675493
1278791127
2539330641
3057647793
335480932
1285720704
3264914797
1717378340
3255296811
1375657091
1967006562
990139181
1984691750
1025931277
1950869897
814199797
2439723610
395898148
3563373723
580349037
2935920597
1930695006
2228507553
1381137453
2290811691
626583659
2072652618
703826429
2000833969
2458709016
3321041176
1429992679
1984609304
3719682510
2562301045
142121050
2212535972
2622666965
2718209889
2544886320
2212098462
2275885415
1543545682
2628942024
3051558158
2059190965
2991171298
1979010860
2289088649
2796234480
1046555380
1120992180
1278625408
2151579047
2458402095
3502029601
1840512563
394620154
1622252636
3072078899
1866900375
3058541361
1336812490
804142961
2541225260
3697523903
2014593804
958659408
2256860787
3361310949
3221403927
1742521857
725302575
2176313524
2978142975
3115416233
2139709389
1786875422
574812101
900937567
2812946724
2252072590
3030060851
1522488392
1515760208
403212247
3164906728
2937535790
2308927398
1136552348
3615166286
2367461509
1215818140
3663771010
2002801258
2150397389
2849542643
3053358918
870180572
544803683
3110638488
2573509097
1441940054
2320621364
2448483980
1168830563
1130715456
964772358
511864533
1559886501
3649041385
747281915
2773355565
2165603768
1907107651
1665058065
3553825784
2367754796
3050567862
2848659596
2144001474
1914936432
2120606150
1887430195
3797067848
1176361499
3463837035
3060175137
2236374521
2061015616
990188531
3327961312
1490643209
1175196876
1323986401
2147903401
3431851356
2091574514
1478342588
2090782879
2482273358
2070350635
2073326436
3071923244
1924763809
1938985198
1846367409
3459544131
1249026117
1515281433
2244214022
1918238336
2861261013
1545975695
912614208
1758758937
754275369
1488453645
3930772714
960296321
1023632334
1158389270
3044541198
2829019374
2550154189
917671895
3179363739
2960135823
3044794829
1477542201
1213022964
2069368624
2757778088
1044449723
2758171671
3052635203
2287893719
2102125788
1088831646
2303677408
1198145473
2675477242
2055994846
2517892199
1154576563
2031033923
227564950
1668985149
1709782560
1550167810
1980307218
2442945354
3490155270
2094084573
1696849658
1430995420
1559722943
2360285666
1630167811
1388025392
1530606171
1468457654
2127225313
2298017845
2992994703
1734962973
1700324725
1304538389
3337096827
2364407939
2862828779
1876175980
1300745308
1669909622
1079596404
2915258120
2537049638
3198707714
2171251014
231582550
1245279542
1842653666
3225492061
1759529118
3037034487
2117171004
2461936027
1132056024
1312520405
517788661
2905044210
2804674243
2361344228
1023916985
2263789146
2218140579
3447176781
913256827
2481816317
2041577438
2090229720
2370297444
2609432871
2054432277
3037372153
1904206028
3174343177
2397261355
2560042735
630101586
2434737551
1777135774
1390252413
2735483717
600204349
3861381370
1647303977
2293181423
1650325653
2747462987
1051190432
2965897683
2499736750
3236212037
1253373817
2217415466
1337700908
1953205131
2353786265
3681016862
3164593710
668213480
1497439813
998195251
2345169133
3174685573
2364648469
2252531028
380697676
972133418
2221009350
2529392857
1153713478
3074965999
2386292970
1519206749
2465236448
546938514
2364839196
695654979
2681179667
1200090959
1841311819
3034207479
2030451796
1033445409
1892477927
1558409828
2688545233
2301845949
2694754679
2548173915
2044486372
3580339674
944913064
3314298294
2606975984
1939722654
1803069805
602349318
3086381072
1126597361
2450892761
1423264614
2825533989
1470479529
2813348356
3483681425
2143441953
2150674949
1739364329
1635349070
1532968544
1204762102
1654498439
3715532944
395196065
390612776
2656186230
3429179199
1990630926
1419472693
1566282414
1249838810
1819328442
2178932747
1539122220
1746780093
1078009322
1978248954
2581560533
2930087296
1864950925
2683941793
3597190824
1914593699
823050364
2901562819
2955321218
2569297297
2950177392
2139363248
3490447597
2578836993
2266857367
1666290893
2226955093
228129092
2826263163
461877132
1788289642
1613201997
1107581364
3269742737
3105147319
1755118010
2242719915
2695499461
1630556568
2332001089
1913456098
1959322527
3250133458
1253263865
2569416883
1690478463
1833389309
2075259803
2663568370
2014492219
1158260070
1535207041
2873427142
2876131606
1584361498
2177923843
750354683
2332507954
1454954102
2038541321
2987491622
2125661523
3565066371
1359362645
1830219736
2273099641
2403225961
1454246837
2071636879
1993035542
2409661864
2158268115
2580838154
3279211738
2949818545
1634402543
3150596247
2734464842
2018836678
3123603998
1040833406
1147827371
2084523517
574495412
1729024057
2583260786
1795248014
1829707191
3075317047
3160602558
1905391277
2957922869
1330609227
1493832898
1227659250
2542649783
1146634034
1974839762
2212374396
1691092876
1238708923
1941255608
2456624739
2710748477
1871650180
1674656827
3628871564
2158591874
861744903
1692566808
1751420426
2329156485
1792462940
3428276291
1671692332
2439432859
3189240757
1204384775
2208552706
2406153726
2028404067
2204758123
2150879294
2761334220
2499448291
2138218768
2648956799
2136125202
3059086934
1819685712
1771373440
764651277
2381814705
1608129264
563268667
1338483722
1515489064
2423346718
1880066825
1210759447
2670099601
2512005794
1995475308
3074619934
2079207977
944822509
1602940677
1609330217
2719953135
3023567585
767233045
2252413286
3333198274
2314869360
1443381560
3080417786
2600159261
1612813835
3098167825
1472561050
1281810133
1306343728
1738834454
1800784417
2905737441
2614798192
1907262234
2218944784
1383135002
2352278697
1806732578
2030989472
1853547246
1025633505
3194501145
1696720051
653044301
2432334787
3445815847
1870749194
1336796515
2114770264
1900335097
2206761072
1421412909
2347410997
1562669450
492232441
1432328232
1337584696
1506210615
2830901555
2423070706
3479268599
1933534221
3695631678
2949198162
3437489310
2118351092
458330713
1684180979
3149118857
1864657230
3091434276
1797533011
2700611919
1964746813
2546685969
1502495494
2119412459
782553567
2445200704
3325778875
1826274612
3091785235
2013662249
1029296308
1988916645
866083259
3055672551
1946373317
1760985803
2353715010
520973569
620475768
2528858804
3521837858
2424126384
1802512820
1443104063
1282512231
531776445
1285231824
1030704549
2543579169
1151034420
1449225414
1381259116
2480988432
1912634574
3073270437
3059212298
774971749
1639541234
1192781387
2244410088
2130188811
1476547347
834602239
3660694109
2707056923
866531486
1533117014
882020809
1292490152
3499544306
2067121862
2477628888
983556136
1218359113
251812827
2373044466
619659255
1412223067
941703725
3067680216
3164062709
2674883980
1919559923
2542456028
1920122991
2505074465
1577997509
1741821712
709538773
1849429553
1496307684
1847323032
1780888802
2166711459
3404761201
2664570859
2462804665
2244973644
1833118693
399650952
3324996671
2597216107
2012833897
2824617067
3258904997
1036056451
455558315
2901498045
2787532159
1865569763
3433056797
1848407942
3026999655
1619850239
2520171216
3407151090
2202531644
1110208254
1737697595
2887859371
3109781968
1078933765
2342856116
1475141236
1637825908
1280821653
3187061793
2533531932
3170942869
2141473069
2757600731
2732776563
2342062387
2703248153
2088007683
2257041017
2065334916
1755967416
2224036414
1127282477
2453889430
2721620240
1317594521
900008850
2985493838
1385008719
1509044234
2522332572
1124451585
2427211428
2597856701
2876932380
2515439669
3309170274
2693590876
2250612913
609359982
1324517007
2027137608
1771253716
308671438
2609509592
1461856700
2816189517
1194098789
1238180277
2404872932
550072319
883701258
2369672716
2272280959
1638391390
2330205384
1243757649
1002128199
2727066522
1001341351
1924065346
1933910704
2832787928
3630860223
2372465618
3392820816
1143041684
1233343800
1876296308
2213181278
246344812
2992693166
2410386386
2856591049
2139213819
3107806619
1408512778
2257824182
1863837861
1519939968
2617317708
2677351080
3364885301
2371105860
1254767486
1124600595
1113733570
1716354537
1642267620
2165743427
2260608107
2355985347
2775260772
931083945
392169205
998415590
909912884
1946399950
3358678784
2964147085
1940354420
848072175
1351902052
726389134
3097080198
2534013325
3111633657
2938623052
1645569917
973128128
2313411881
831627750
3024429560
2984733244
3227087854
1315036263
3124867067
2049605122
2810135254
901374878
863895742
925758089
1771919098
509001288
1723192582
2155631477
2789548092
752923120
2450933998
2062354358
1383380005
1643036399
1053983148
2167615708
2898116106
3285369899
1812904663
2874487495
1251429580
3454859589
2861000910
749309874
2004896765
2320984870
2144681446
2152136100
1567845343
1985017437
1952097675
2981206705
3298595899
2379187441
1933004792
504805339
925192363
2829737086
653519296
1516854710
2668091103
1698412618
3697826710
2286688190
1728562119
970525710
1192860926
1873685167
805506631
1813212010
1936272136
2283767181
1631658702
1094946689
2369575718
3498869454
1866589778
3483096633
2568913102
3411709864
1884200082
782827766
2556988821
3072154801
1638028797
1437449281
1331552715
2024219865
1724678008
2706833677
2098526017
2103877393
1833507266
2018868671
3098296890
1846901238
959230408
832487463
2583771569
2732012711
1659524755
1452022475
3126225614
1881010936
1800848683
166678210
1074469224
2270686665
446379118
1717159452
2331951945
1082679665
2765357806
1762278878
1238806957
635860242
1825737178
2362746005
2469751246
684352959
1691799097
2238408897
3529489768
2667631159
2715014152
1433684090
2638447199
2610516433
1701258793
2409156137
3226881300
3780459611
2620217005
781538254
2366079170
1917843219
837093092
720933371
2374033526
2756324238
2235439261
3245797034
3291203902
2262005897
1197862789
2762855330
860481136
911886065
1592429871
2764745271
1714048883
735859390
1528504287
3183323710
2166267453
2097407893
3353232831
1538359928
805614163
1501845364
549792541
1737882703
737106711
1251853251
2495732909
3298244440
1421035799
2781054087
927534444
1976748656
2201105640
3885490767
1959323479
2195429383
940143273
752921943
1359302533
2055692553
2358728593
2457785221
2182182096
1944481974
1229347751
344153021
1756878071
2229052533
2332897666
2957902625
1139074855
1474707887
2037306001
2424102969
2289664880
2746080108
2447758335
1101135344
1842889330
2897575449
2049585307
1205984173
2226093640
1309494759
1594504015
2620631271
1785985646
1999455514
1609696974
2023744882
2179798649
621345756
1813003231
854669315
2233534346
1855951439
3493341337
2537452170
1115104352
1740555627
3270042887
601530517
2184448476
2496892954
2635554713
1702811531
1731186954
1337492724
551625586
2020141304
1917666388
2472759718
2313121398
2095461188
1915417143
2160516128
2223439292
2100759304
2579241440
1978595758
2619102679
2481097377
3107787503
2807721557
2061871052
1496430739
1965078435
1721437623
2688122637
1229763164
1271784086
1720931138
2972798796
182442081
1963930556
2451573556
1820488076
1484284521
2166852651
2910891855
1336458944
856375554
3083577315
2603079014
1582053942
1245085629
3762734819
2107475507
1784314617
1637192771
1552996868
1604210384
3177958218
1261834329
2164031711
2134868145
1332807166
2665457889
1550964013
2103819289
1824331780
1950232842
1975158323
3006513723
1179016877
3313802172
2495460149
1750493924
2744502144
2019326787
2158871996
669359560
1491901927
2674459705
2620551725
2499252127
1196635727
3243935004
2651462313
2028516595
1696844183
1418152173
1548298960
1304430877
935550301
1292502167
906209245
2982430457
2585455784
1850183722
2904693038
1630624439
821055414
2357164991
1471211214
3059762454
852622408
3144965817
1408426622
3148922593
976978702
3029504324
2645955221
1921268029
2483694932
1717493481
2516788983
2269676186
1565633862
1372641742
848852639
1565610298
2039812545
1442786507
2158384605
3141617500
2648564587
1064060493
2350899841
1819385732
1642265518
1377469885
3078180412
1724475949
3618064041
2379775604
2120873093
210544951
3084801194
1814853922
2626770564
424141271
794972022
2319975185
1304447409
2548045645
2495044949
2101313598
406358521
2375796939
1475925908
1692464393
717371525
3035706764
2513373321
2117600427
1302314189
1792153080
2482124906
1352812486
489527229
2021348545
2411588804
2084777781
1936073410
2186317454
2732068934
1655840662
2908829642
1731951767
1957579965
1382305181
349022132
2383627224
2117675215
1566659734
1942825467
1301707603
2931949493
2638501134
1472986989
1827677582
2060197259
943621176
529059957
2849221699
1124878323
3059769939
445443144
2282939580
2506033484
2938731010
2977209904
1492905576
1633419653
3507829798
42307516
3028176236
2584063689
2490341202
2015613208
2498805304
2356164806
3291495471
986727900
1731719174
1520176778
1594845905
3444952547
1465116665
1932961243
398094108
2098331263
603073290
1995937187
3127287479
3123256272
2941202305
3473217521
1576189884
2271063523
2586326026
2071264774
3100693083
760278528
2820392479
2637421569
2763514350
1187072562
2399160853
3317346716
2076005778
2267584242
2676606051
3060885031
1003346400
1853266530
2111271542
862054506
1857067479
2094539248
2151425907
437787072
1736139631
487394544
925701493
1709291031
3180383538
2183646270
1757295427
1613447420
1876986015
1098986816
695363534
1977025523
3403307960
2525489700
3221768744
688970366
1957449907
3814812075
2554603678
1328676435
2514295988
1840616918
1189720212
1822129847
2346748409
2256954515
2963099572
1441236807
2737670784
1550884217
3350000959
2762744798
2028397446
3236871557
1814906769
2334145241
1871825814
1359257764
1832962287
2997039469
2126801472
2382761654
1427254961
2887490892
207292346
2654726049
1960379465
1233401569
1467939737
1606045836
608611688
2103982704
2712353256
1607058694
1146772468
1913142397
1537556639
3214929473
2786151513
2148629824
1124852346
3392598848
903687870
2608410513
1749059588
1739688034
294761535
1566157570
957652033
1942512456
2884400555
2245934547
2660312007
666941244
2565574394
1917071217
3461240976
1963151074
1967734122
2355124639
2691955120
2507253988
1548356832
826442569
3768338360
530098584
1142993531
972425736
2033728134
2907769401
936073121
714025591
3177363580
1075577599
524145577
1856825648
2310649140
1586101991
1511457281
1085172521
1470009289
2656061542
2676321211
2068770184
2332579180
2168143999
1484915023
2969672464
2054669029
664346821
1913383221
1951660870
1989294133
2498631343
2449945052
1286974991
3578415704
1759772511
3005522079
2857307758
1377276249
3061302400
2095633488
1668464618
2060904465
1665578403
2458594876
1037322297
3347439368
2443369552
1635113404
2858867654
1932499457
747968556
1843950764
1234142529
2338713264
1612551030
2188830896
2090005758
2097572380
1078510944
2455964541
3159318862
1815743213
2399591603
2855626124
1387166335
1043071443
1363460331
2099430067
3130161587
1672949490
1178940962
1843879988
1206208853
1523851190
2768651922
2826268259
1331103770
2160707330
574398729
1630731616
1890795924
1245951949
2442796975
1262597380
1271769322
2354920394
3489153588
2273939607
2843842569
2351304458
3467993330
1809840020
2645707403
3465175415
2990075248
1354954563
388086898
1400675634
941681355
564926286
1621071422
2593489423
1087761194
199001104
2087614326
798712300
2916762653
2489378427
2169032622
626824155
706952162
1635497852
1421663621
3138764919
1290493428
1814844695
2774383181
2868083547
2489443532
2805445365
391622867
1298167552
1755422800
2622296932
1458088579
1573358573
2182697354
798984381
845714377
2161667957
3508945398
2003997233
1764814702
1505404567
827426597
2543057555
1387016894
1753960505
1449128678
1663706877
1102720729
1661088242
3369809997
1853871786
332685170
1318932830
1209699543
1845573481
1366976745
1572168736
563664759
2484090089
3676394758
1768311196
3140374475
2242669529
3111465049
2079298667
702777240
2798610115
1140148494
3374061364
3578709532
1046835978
2406965390
2444356989
1886810123
2917490021
3410461932
2831992464
893823320
2333646639
1645036277
987375282
2426308764
976486976
1000678855
2785634657
2322669608
2604308831
1730424336
1369900342
1194801466
3645304703
2137938376
2812607247
491599984
759249035
2778897244
1207145526
2162164980
831915810
3307298876
1828413457
1939609765
2332862008
2884744649
3403306650
2359131660
1373939162
2835862398
3027307496
1370073274
2526547852
1151868742
1746116507
2545822160
2005263500
640284903
2340640634
1315506005
916902138
1356901212
470844677
1187664408
1482923175
790423128
2152581720
1471766432
1261267979
960158275
1392189766
578498739
918267569
3005807261
3409508467
3232793324
1901585598
782255272
1871904049
580405785
1578682744
2516055884
2563326926
1320764394
3547134969
2064036333
3136292543
1540456991
3342751221
3385724377
1381067218
2113008382
963622243
1418537010
2180165359
2460672273
3431955815
2160194896
2255148365
1536680879
3462987026
2722685388
1218936664
2315784754
2267082361
2948848064
467316359
1985987393
554648965
768574239
2823884515
368029212
1878275372
1082113327
1993354436
1090357442
1393680963
1543538203
857134337
3200604114
2690462620
1633425870
1548028794
3492223908
2784569100
2065555912
2230119678
1963530336
351152367
2643098400
2553025483
2582893033
1883362278
1623650898
1818549943
3182093272
1705990833
3589299345
2388885891
3251334811
1707772974
927516155
2732807803
2225184912
2647684494
1217193327
1690992317
3755730721
2276463453
1853137327
2039023289
3280090779
1939517673
1342084871
671824698
696223719
3462444808
1374620017
1310873333
876461545
3651029574
702005986
1724304784
2996530120
3314169633
3280189474
2938325790
1889221008
2440516930
1888492898
1395844622
2394942847
2613574889
1998863746
1648293335
2140718983
2111950156
2071963927
2509025928
2667298012
1934157429
1890908608
2302161853
1649726154
1900945445
2041497127
854130279
741253863
2423839390
2862752543
1887242429
3393851301
516801391
1149504917
1171850959
1603710530
1630835765
720952177
3519708767
2241320082
2494391839
3597695896
2337329923
3779935204
1799750328
980753655
2754337900
2131523873
3294798515
3136052234
2131993624
418319447
2447289275
3305363097
2445069788
1828391811
1852363406
2705998219
1983418631
1992465927
3498650588
2418489197
2965775346
2033377995
826558115
1764301795
3256793938
1212564000
196864170
3149030598
2140304794
1407517165
1998824956
1489126086
1036911333
2495519472
2434085306
3116274922
2071040445
3331353337
2042366230
1825415652
1867876864
2762322183
1918418614
588199867
3357080979
2258226719
2295063956
2022083575
3653172169
2206223209
3174571234
2462211020
2369990703
2652171920
1738690772
984989605
2114562864
2857027901
2806043695
3325907468
1279998887
2668283009
1508737591
2223033559
2612228998
1311339677
1495931340
2986569628
1856947689
2450020405
2559707475
2201551018
1892501276
3232024514
1979778557
1231784609
3229334275
2374193015
2194647445
2107860337
2692403250
2385675545
814609959
1419560114
1408159256
2047655192
3838955350
3377592137
2124238792
1846785389
2955902631
2698407385
1537655378
2914675706
1357003893
3119801329
2945294551
1828082450
2975728799
2389723061
665956116
1979705756
1214735367
2700349252
883199193
3503912454
1964315404
1386598713
3428972600
2432297192
1821367777
1750741045
2055316903
1085124845
2433254057
1950633641
1800204028
1940099942
1736689223
2090752632
1865290930
1024542178
2727319033
1641721695
1106607023
358629760
2439658560
994093958
3053480426
1169908706
1083496695
2325149261
2022239110
3596302881
2949936772
1911384976
3027184663
2033342442
1000371070
2911459495
2354166804
758291943
1983564787
1005627284
1793612050
2155112791
3077617096
273875744
3345342503
1741579859
2399569540
2043623960
2255141122
2609133961
1040644531
1395491019
2431149744
1747584708
1468656877
1629363055
1929299598
850870576
3771918555
307613300
3432173659
1710130636
3099446573
2105853895
1608547316
2172082158
2409894454
1897835275
1481809513
1568992281
543854004
1498211487
1056099591
2252827181
1035205040
2420541573
2679642992
1329841676
1763135693
938418398
954583590
1771395397
1927034186
520742331
2479343752
1878810333
2378259893
2193922463
2008327619
995372506
2451249649
2029225771
2796376135
2470927126
2619731064
2170407071
1522625127
1503604371
2349535399
3521343364
2710518469
1888128337
1584700551
1616049281
1584430557
3241611803
3479434396
1062134068
2311991569
690148157
2552737898
3160998308
2544225140
2066724284
1489833895
1981634820
413293261
3701072972
3101224648
2381471885
2793655354
1926598076
332825665
87351648
1496831968
2932843870
2692025205
3911450659
1516878088
1478928479
161257187
1667833994
2062241301
1093483413
890525775
990625506
2546769168
2705989088
1133834212
1648639689
2181567150
2381520355
2148436157
2283067990
3479233875
1775198484
3626068271
1345752865
2839012593
479853054
2499623670
1370618541
2970663943
2119628720
2453279380
2957163719
2043547525
463835352
82807193
946518535
3146805160
998332111
3649471213
1813854580
2512842964
575127180
2702067113
1841488292
2108256551
1461371100
2137384686
3387438830
1401737145
2084322110
531447584
2200236520
1982984179
1852201443
574501583
1975939042
3148342274
2296314067
1720445660
912667032
2720626469
1974020709
1613452982
2057970666
109507083
2730194554
1314016444
2259903495
2269056751
3772330699
1869593887
1658540917
3390918360
2742151046
1914908794
2079146010
918744161
2999967222
2894453139
1701015066
1069368248
2812356737
2805704420
1462074368
2822617148
926013256
2241417502
1908893220
2143805318
3451030546
2221598739
2191646776
2298497784
1949715199
1938198647
1511128091
819632638
2124947055
1800085022
1759872319
3349793564
2053342725
850117190
2609406068
2940187843
1844786005
3795167282
936673042
3130467018
3063906083
1964795288
1141568796
2522617973
1840922441
458616561
1783501330
1274451419
1564916047
1910020997
2229695068
2007481784
1308563052
3038766858
3226230673
1719741651
2408091216
3016454151
1934055450
2141952298
2102534335
3641365995
1613983753
3584028261
1789086124
2220628909
1514056802
1262987507
2912787542
2242194815
2765143186
3169560665
1521444040
979719395
2713395139
1224803314
2216297029
1474855485
1102097266
2520582186
1811336669
2892788324
3000296991
2729421831
2005707048
2862756020
2519277059
922166551
609586924
1601487203
2618367047
1851488489
2177219168
2368549237
1429802118
2125332493
945229807
3318190844
483425472
746820781
2358610853
1641738619
3377392495
1394103004
1229343569
2470470027
3463253619
507744705
3119433381
2198200673
1291507339
2288963177
2763356406
1900366253
1524275435
2743716679
3082822093
2101843590
1215655387
1865675471
1841513943
1212594400
3490576814
1961331613
877051983
2843928144
2102974950
1691329574
3127935827
1787372126
869829520
1960643564
654083543
3515438469
2245457222
2409433606
1819973610
1830582568
1601807074
2064973356
1934863247
2266670307
1393878854
2231444032
1663510049
1208103105
3546479573
799771043
2384631112
2078130661
2976562990
1142473910
1671593881
319944545
2196055858
923260330
3199103804
1673620121
3029008733
1838195333
1260325755
2232842373
3703302636
1166207289
1661565182
3192858406
2688874755
1580708635
2251927450
759930149
1778871298
2343300269
3011707166
1214708768
2255414618
2266798312
1665610401
2832397619
1117820943
1929810161
2771470503
2400458584
2305454734
3164459289
3412003216
521352513
1483274062
1038442156
867092009
2002898498
1990309298
3427250149
2540897985
461278984
2284377956
2271774397
2123988738
1702041020
2326814249
3669045995
1418920537
1810549357
1864301446
2211092247
1558326993
1098330376
2107957367
2218264446
2898503768
2278478012
1400252285
2997573576
1998917581
2397488073
2276238391
723879727
1125849563
3072385301
1054407653
2101515897
2358802263
1846959039
2947095391
3155925273
1165142140
3449497611
1647875996
3075940691
852166971
1055374647
827347988
1096739637
2705168315
733902891
3123350716
2058789575
2746057933
1747680038
1215197410
1923560689
662277109
2996883035
3317356256
2166963045
1606144796
754958139
1090639252
1671110756
2280511802
2886463106
2800026798
3451565061
3197658005
2101398986
1072483627
1813396761
2882333292
2682611100
2126484034
3045576379
2551686194
1763372726
719535455
2314155802
2353395500
2799557452
1789564770
2304111213
894064994
2543571140
3173751427
2759040934
3532809808
2157911004
1821171396
1671085384
1094225388
2697980388
1797637874
2699627794
2409200790
2536564321
1262264544
350630112
1555305352
2070680126
1366905618
1666552915
916407073
2565066402
1828252880
1355116613
2353465905
1982571618
1590726115
1951078984
1882831147
2410319546
1562912587
2444788306
1354745958
3352568801
1498413231
1331359631
2897867930
1837414004
2761795103
3041005915
1632055277
309404338
2565573623
1395618215
2332580005
1484910430
1708268827
2158070360
1646464515
2590574498
1351276572
1632924768
2198834497
2140473687
3199012011
3229397897
2665137451
1696449169
2806943979
2292882176
3098655149
2553364929
1780916139
2509898608
2459607911
414940102
2280798741
2440026720
773712636
3499741360
1002866041
2310313249
804469580
3281361460
2094900710
2409711014
2550481204
1691130947
2786538050
477950370
457653050
614019030
990879361
626419113
3123894170
811753467
1541325656
3551824104
2409756355
2094405815
625189241
2703435157
2584060888
1139098575
2403861430
915699853
2715499916
1111810177
3604842133
1976475525
3011337878
1222727100
1525876219
1372582330
1932030160
586206209
1714681507
1838717182
2701090813
1437336085
2608907333
1960283927
1504824258
1796817735
1457769534
1599057715
1469076513
1736476719
1707762031
2631206424
2607037670
2159023101
1272475211
1926061391
1196282247
1709251764
973692559
2040528775
2647394514
1594227628
1511190381
2747389491
1202771672
563743664
1538627191
1744943579
1123957921
1863972977
1491004795
650324074
2386055485
3364356645
3144937489
3303906349
2195244578
2904507003
2266611502
988792979
2061464233
976015633
1367328574
2106529348
853049166
569520288
1951938668
606014887
3157862459
1505906765
2062105159
2239541321
1743843534
2578651271
2043134847
674044422
2753605020
2719973089
2201020024
2424178365
2190101654
1115650155
2250701247
2388214325
3275123840
1727465674
3328925005
2064673593
3259722294
1638438532
1054662395
914086616
1324584028
1165815805
946800138
2859101745
993037088
2375932401
2101728447
1909773627
1615032986
1460805643
2565426879
2642309886
1987447503
1631007855
748583153
1970230699
3025207750
649760721
1558354413
1675694631
1057287676
1230861015
2544518854
1537801096
3284864868
1882834318
1166222040
2849742658
1526025542
3449844138
2734647797
2597689576
1732566763
677874038
2347717844
2097535082
3023182373
1478100487
2123676913
1815321458
332380280
2020047421
3205391952
3266795776
1433858069
1925896757
1621145850
521459544
2747816449
2115596750
1530686652
900776105
1478776046
868559878
2566187658
1923509466
2100335575
1717477018
2909366954
1945954775
2115749964
377959211
1912761293
203033823
1830624378
2677477286
2548385088
1375976131
3203424446
2152787336
1199017243
1224427306
2677649431
1346124466
2874843579
2504674357
1762467188
2861185616
3015544539
2845430625
1577605621
2088845900
3253592466
2823638943
2908711844
2136663758
1672809830
1471724024
1830307422
1598034273
1716247417
792558329
2205059557
1015267913
3645855094
3050783037
1532504371
1420617228
698672001
963208554
1493479402
2156235505
2748652477
2480373771
1233681252
658456377
3085248857
2992633531
2543383096
2182754485
2093512453
3242178222
2086597739
2329242357
2475870005
2369778598
3149700950
2222278650
2974253469
1255178990
2255348831
3154561884
364122209
1966749273
3117273194
1610704397
2255553976
3433465404
1786185077
2191339191
1562634033
2973566143
3652315993
2622379949
2510625281
2609731602
949389282
2342043932
1983550954
2598829850
1572365441
1533882995
1636261223
2469427977
1733016479
2998784175
3124028557
2748051312
1573495400
2556467609
439229862
1384293003
3266006781
2324360318
1072238433
2208266151
3201966568
2121695786
943278770
141863628
3362361806
1921930724
1417153426
1532549384
2692971764
582380662
1346663185
2274521754
2106516420
796367710
2843296689
1645576048
1288958655
2874125357
2303594652
2414927491
1255937518
2655455233
423379905
1545885606
2550025228
3317769382
631915276
2732862340
1024663826
1138728988
2728098685
1092577646
2030534909
2011599188
2217933058
857538098
3556912761
3248887453
2310013274
2841998489
874995230
3426152424
2333445810
2153092841
1296530662
3026554141
1779369874
2459702881
2105103350
2379573428
3295949498
2590983273
1791694372
2174538867
1144275388
1932051500
1804543820
2560201078
2488322453
2402790885
912586755
139950364
1267001239
1594735304
1437438987
968794401
467048188
1991473812
1047336369
1095918441
2317679585
1826667492
1358682686
1386020058
256838877
1274590416
1081947120
2151929463
2772267815
1453955424
1545756823
2176565441
3240857021
772392711
2716708789
278817647
2520810321
2109255015
2419729155
820289219
835708031
210017248
572356852
1554001027
360444922
1464093071
2034805390
782402909
3000485894
1947236348
2188452447
2171446318
2896449220
2076174070
1373413327
1895290445
2628962439
2234014585
2013746276
2450628738
3044479165
1649689756
2279843469
1958469165
2541866610
1371186937
2781252042
576101873
3046772134
2666414321
2278981958
1114013799
3283948452
1248464944
3001455101
938248540
2078012404
3551281834
2438959067
1805026260
2917460351
1136576799
1228994760
3459455901
1151494891
3052801537
2406864358
1605309328
3357327324
3467054281
3402453689
2455956101
1640623139
632303560
3211832306
1492604823
2271759416
1208311324
2023424476
94901345
876174112
866617577
1128896189
653624673
1277962384
2943639296
3090672443
2138088145
2539275638
2579372466
2414883316
1701645349
778299249
2456833608
1777554724
1975847515
1980626155
2349698671
1938035997
2073774340
2151324875
3550833377
1937029555
234113141
1642806383
1213548632
2152644726
1823911235
1086851723
1214000685
2678463623
1641210248
3874156931
2844879140
2261906938
2484360578
2684501574
1631960390
3520637038
1115429685
3065241426
3192880526
1944553480
431544207
2840029403
1395686708
2718726468
1626870613
1171006211
120449917
1708637768
1508384563
3323142331
444341218
2373500518
797774050
401871040
1676406423
2094505817
934827158
770676334
2111860100
2455727052
1291789013
1105619032
3254570213
2647125211
1087270534
1008219969
2207401190
1423552775
1363837707
2961216905
476029251
2304913659
3407721894
2286030474
1140874820
3268407559
2047987488
2136258286
2454016176
3197630268
2624445346
3064883622
650848528
3602696056
1328475504
3702491817
1228880995
790253491
1635377131
612916762
466836251
2228899158
852412687
311749695
1707486369
3211982749
1361356870
1645085158
1574178718
2685940290
1967341320
1087816156
2479570592
1526140953
2327944044
161092212
1304329150
1804990621
2191370014
2071880784
2372705551
3213150161
2987466383
2026536516
889634275
2048129393
2553149026
2256149936
999237564
926853928
2314057841
2483211903
3006205068
2760592663
2300302241
2413919814
2411681209
211629265
2771901712
1468028752
3821347319
1314932340
2083288044
964518080
1062145397
939190634
2497286400
2694509261
3397423501
1533061126
3229778480
1907905555
2321577362
1528824308
2829817952
1976352568
643697980
2153632911
2338963882
1893700671
1952431146
916774528
1844686789
1901527424
1165783518
3415903499
1919638202
1168075397
3452101338
1121827849
2503181521
3013114998
2180162191
1388044175
1918096453
1476859334
2216236584
807525832
1539549674
2056189088
3071499151
1476639490
2495238910
1651341801
1847796156
3026203923
2592144737
2104028273
2026173947
669891735
2463302965
1025504741
1936161079
809327464
3315198404
1256978684
1789073579
1839675172
2455979178
838082200
2043139485
646670968
2414555970
1713852774
2374030654
2762171664
2351268539
3224142320
1310760730
2690356434
872715492
1887733294
1085822156
2663177905
1591099451
2267525831
2629989548
3075403085
1376938037
3305548615
2103327091
2498522442
2994759807
939085693
693795347
1429004427
870796431
792310542
2222156342
795380287
878252313
1691113795
503934001
1699754079
2339858639
1039685455
1923952141
2432870366
3871080808
2285287270
2781502577
1393715182
881309542
1527305433
2852637242
1806417637
1304070205
1146849864
2246247951
2344201765
1999165279
1259334009
1423125323
2402484513
3451592125
663959656
3185034410
1375786502
1199620751
1366431338
3777440474
1618772764
573537580
1696859699
1794372730
1506324225
153184439
1036743828
2643912926
3773346519
920830097
3504975214
2836928592
3580213204
2004832770
2778752086
2896684158
2276029162
3827473611
341971073
1434619692
2387508201
949660213
1108702907
2847886834
2500404113
468898504
1387370136
1390042505
1407757046
1072589262
1249794668
895457867
1462927475
1132474110
3674021238
2063064087
2592804871
1362458313
2465624876
2032181918
1803521114
1881394439
1380920298
1963838723
1938757819
1485741282
1978019254
3000554230
1445339242
1046740998
370435966
1801583442
1336801832
2007983232
1229013634
3067463608
3174801566
595859935
1333391159
2041565267
1442454213
1667071354
1279703979
2294550336
1044138692
1177332526
1043173689
1087202057
2154570514
984704343
1638522785
2751706918
1663010343
1144444650
2841330789
2222194033
983063242
2145126325
2370164162
3736351683
2105054885
2660954093
1770647634
2433391349
2337173429
579319557
1928421857
3818452938
2266857902
1467593451
3153563057
1778263970
619335344
1395213403
2392730759
2931299275
1815477191
3143975219
2231739260
2224285591
2710508297
1188574275
1843081327
2122643054
3116792780
780564341
2062507509
3359665810
2077635069
2658905902
3217207050
1718173396
2237957107
3269206822
3717003139
1848540605
1578341187
1345158124
2013639849
1213055657
1945131516
2687399404
731800199
362616384
1989200938
3243556615
960123298
1073825244
3328235799
3144361916
1138112747
2009162939
1720031694
611345463
1459328156
2640094944
2697840451
2065989298
2837082970
2043394533
1817111358
1725821035
3229938885
2161360508
3588235592
3231676713
1599936763
2759665683
2074971136
3457385767
3233896434
1349984703
1692220640
1901519829
2022374306
509461042
1323044357
1833437599
949729437
484667436
1965780157
1649476127
3714991937
1853346610
1919871304
3052793929
1841079228
977778693
2662995818
415644342
807453549
2096016708
1632064571
1947528172
1393227753
1915693918
2760142565
243180157
2278766083
834323206
1015344401
2043685421
1335893267
159717481
3477351188
3223295107
1857901788
1450365659
2242277628
699436349
725437082
2907057781
1164876205
1513915445
